1 32.022059 54.384729
2 21.792355 32.244023
3 17.242516 58.822089
4 16.979798 83.971250
5 15.974492 77.040884
6 8.012653 78.992450
7 55.159910 50.420570
8 34.994775 42.859791
9 45.280471 70.055579
10 48.913069 39.957969
11 48.956478 51.959335
12 69.031227 81.226293
13 57.040144 79.079676
14 58.054285 44.944189
15 66.007012 32.002672
16 52.987305 11.039580
17 47.976563 21.921858
18 6.858743 52.949266
19 22.898101 62.054247
20 43.896599 86.054057
21 54.934290 62.029053
22 35.986155 48.655783
23 10.048822 46.004149
24 24.233422 50.871523
25 29.092345 40.905805
26 23.537684 45.000127
27 69.128886 74.975709
28 70.020629 44.956905
29 35.208580 36.937857
30 28.712211 65.091907
31 25.971487 86.088915
32 39.368517 71.967250
33 31.973384 83.892480
34 44.015806 60.986944
35 41.002266 66.097525
36 55.219194 38.931896
37 53.035757 33.017937
38 36.005296 96.092341
39 51.919169 84.158022
40 31.962412 90.179036
41 28.775312 77.032188
42 66.080503 62.994384
43 51.171992 90.945578
44 76.054227 41.973492
45 59.254208 31.935819
46 61.980525 38.039729
47 16.994013 65.009324
48 69.098344 51.002941
49 42.069014 50.030272
50 32.983749 24.954023
51 22.465512 67.971867
52 40.956801 44.024509
53 72.153334 63.099239
54 37.045334 54.828149
55 46.104844 80.722317
56 61.090271 55.163793
57 47.063923 33.826761
58 13.910496 70.793382
59 64.164842 88.168168
60 57.968350 86.427231
61 43.978886 97.084005
62 82.964228 85.034285
63 68.967019 38.683828
64 72.992034 32.937849
65 62.006619 24.994147
66 85.965605 78.834364
67 22.007940 73.909444
68 78.050796 52.958943
69 23.029334 92.033831
70 78.945486 64.971111
71 10.894015 63.000877
72 22.968584 80.110177
73 23.042044 38.792826
74 85.026178 58.051977
75 76.089820 81.996635
76 38.005561 84.092850
77 44.844695 91.274291
78 10.011839 87.000424
79 22.903647 56.246336
80 12.095090 56.311286
81 33.052141 59.992971
82 27.979022 71.021486
83 34.185996 78.116368
84 51.250972 77.005199
85 63.019630 75.799821
86 56.015262 67.611597
87 33.523313 72.130059
88 66.984511 56.948679
89 68.868012 68.987910
90 63.012806 49.623353
91 64.178099 43.923549
92 52.039063 45.514502
93 54.029461 27.003909
94 33.003637 18.395296
95 29.752211 46.970036
96 38.377369 60.605015
97 45.859186 75.096317
98 51.061709 71.092794
99 47.623315 27.989769
100 35.009519 30.915739
101 28.002408 58.872612
102 41.038439 31.423114
103 56.956688 73.084609
104 46.756780 45.851468
105 49.165501 58.158074
106 62.970778 82.016135
107 38.267826 90.103243
108 60.613124 61.357623
109 72.952984 57.017025
110 43.112985 55.650887
111 41.941811 37.981002
112 26.065029 26.974437
113 30.769214 53.061021
114 10.023942 38.977359
115 54.995193 20.910705
116 49.117234 64.942842
117 16.995710 44.991864
118 17.847435 51.942472
119 16.796662 38.016967
120 28.936558 34.010246
121 54.988852 56.090962
122 62.116410 68.995869
123 40.044479 78.022825
124 34.935954 66.079825
125 41.017219 24.982443