1 33.3333 2.16929e-12
2 16.6667 4.66517e-12
3 31.7282 48.6092
4 31.9355 48.8817
5 31.8242 48.8948
6 86.5573 57.4826
7 86.4619 57.6458
8 31.8006 49.0624
9 31.9193 48.7003
10 31.7313 48.7313
11 31.7143 48.5397
12 31.6592 47.7903
13 31.5731 47.9712
14 86.5725 57.4781
15 31.782 49.0589
16 86.5725 57.4781
17 84.2863 58.1584
18 84.3971 57.8674
19 84.3978 58.3886
20 84.3162 58.0401
21 84.3602 57.8722
22 84.3505 58.3886
23 84.3593 58.3015
24 37.0206 31.9844
25 88.3071 56.719
26 42.9434 46.1991
27 46.4717 49.9641
28 33.114 28.8375
29 33.8192 41.0275
30 26.3343 46.6735
31 20.8866 44.2881
32 5.45099e-12 7.66496e-12
33 71.6223 29.9128
34 78.3302 34.3543
35 84.068 29.1943
36 83.8518 35.5985
37 83.5633 34.3364
38 82.997 34.8338
39 82.7724 37.1415
40 78.9219 25.3964
41 78.2476 21.316
42 76.2717 20.2056
43 72.8062 29.1943
44 44.3333 20.494
45 5 4.22895e-12
46 83.5153 9.92968
47 77.5204 21.5615
48 78.9915 27.3552
49 78.2114 28.7273
50 76.4883 29.6319
51 69.9343 25.8316
52 22.7176 32.3872
53 73.8727 27.1383
54 69.589 19.0178
55 77.0306 19.8594
56 38.0541 37.77
57 33.8885 43.6318
58 76.6746 32.8002
59 80.3275 72.0792
60 77.0449 73.301
61 36.4007 37.7407
62 38.2005 32.2962
63 37.209 34.8225
64 41.5338 23.3456
65 76.111 68.2032
66 40.5519 27.1087
67 29 100
68 35.9529 38.3687
69 72.0198 61.2458
70 64.8109 52.9401
71 62.0209 53.253
72 59.4954 50.6862
73 68.4913 34.4504
74 61.1498 47.8203
75 65.7412 52.9216
76 67.8909 38.7101
77 63.3485 50.824
78 44.0271 45.7702
79 71.7608 23.743
80 74.2379 30.7053
81 70.0445 40.5236
82 38.6667 10.247
83 31.7024 49.1361
84 31.7042 49.138
85 31.7026 49.1362
86 31.7124 49.0145
87 31.7659 48.9984
88 31.8651 48.998
89 31.7405 48.9962
90 31.8543 48.8411
91 31.8507 48.9846
92 31.8252 48.7343
93 31.7654 48.8282
94 31.7229 48.873
95 31.8048 49.0504
96 31.7507 49.1019
97 31.7508 49.1024
98 31.5329 49.4109
99 31.667 48.8285
100 31.7654 49.4097
101 31.5792 49.3823
102 31.4682 48.8261
103 31.8336 49.0462
104 86.5713 57.3501
105 31.8009 48.9905
106 31.7465 49.1945
107 31.713 49.2316
108 31.7541 49.074
109 31.7813 48.7387
110 31.7184 49.1388
111 31.7285 49.204
112 31.7479 49.1254
113 31.7737 48.8347
114 86.5524 57.4878
115 86.5524 57.4876
116 31.6793 49.0639
117 31.7997 48.9631
118 31.669 48.7924
119 31.6991 48.5376
120 31.8023 49.0103
121 31.7298 48.8033
122 31.7682 49.5713
123 31.7008 48.8324
124 31.7618 49.2313
125 31.7652 48.8281
126 31.7817 49.0266
127 31.6428 48.8279
128 31.6147 48.8292
129 31.7643 48.8276
130 31.7829 49.561
131 31.7568 49.5505
132 31.8503 48.8319
133 86.5444 57.3853
134 86.5003 57.4069
135 86.5332 57.4616
136 31.6084 48.7562
137 84.3992 58.2501
138 84.1883 58.2501
139 84.357 58.2501
140 84.3992 58.5117
141 84.3992 58.5117
142 84.3992 58.5117
143 84.1883 58.6721
144 84.1883 58.6721
145 84.1465 58.5546
146 84.1793 58.5958
147 84.1883 58.2501
148 84.4094 58.5344
149 84.4137 58.5049
150 84.3992 58.5117
151 84.3992 58.5117
152 84.3191 58.2501
153 84.4157 58.5042
154 84.4157 58.5042
155 84.4004 58.5388
156 84.3992 58.5117
157 84.4207 58.4561
158 84.4299 58.4323
159 84.4136 58.5047
160 84.3992 58.5117
161 84.4242 58.4477
162 84.6762 64.9459
163 31.8446 48.6253
164 31.8267 48.6591
165 31.8422 48.6622
166 31.8491 48.6934
167 31.8134 48.6737
168 31.8404 48.6799
169 24.2869 24.0607
170 34.5737 48.1213
171 27.346 45.933
172 27.6063 46.2052
173 23.9514 43.4357
174 23.8008 43.3135
175 23.7097 43.3545
176 23.316 43.1877
177 23.6683 43.3246
178 23.4952 43.2855
179 24.1684 43.7175
180 23.7413 43.4564
181 23.6865 43.4211
182 23.4967 43.2703
183 23.5423 43.3144
184 23.1329 43.0244
185 22.879 42.976
186 22.8588 42.9839
187 22.5653 42.8265
188 22.5923 42.8497
189 23.0429 43.1294
190 24.6325 43.6849
191 24.7797 43.7707
192 24.7619 43.7623
193 24.6213 43.6647
194 24.6557 43.6939
195 24.7746 43.777
196 24.7063 43.7269
197 24.6291 43.6696
198 24.6588 43.6742
199 24.6674 43.6907
200 24.7967 43.7702
201 24.695 43.6996
202 24.6526 43.6609
203 24.7511 43.7493
204 24.8101 43.7903
205 24.7089 43.7227
206 24.6115 43.6458
207 24.5899 43.628
208 24.723 43.7261
209 24.7165 43.7205
210 24.5574 43.5979
211 24.6052 43.631
212 24.8113 43.7908
213 24.6807 43.6875
214 24.6759 43.6847
215 24.6923 43.6806
216 24.6399 43.6525
217 24.7047 43.6775
218 24.8813 43.8162
219 24.8764 43.8224
220 24.6589 43.7032
221 24.7203 43.6929
222 24.678 43.6594
223 24.4048 43.5454
224 24.4774 43.5661
225 24.6172 43.6662
226 24.676 43.7109
227 24.5175 43.5912
228 24.2967 43.494
229 24.5255 43.5894
230 24.823 43.998
231 24.6248 43.7569
232 24.5824 43.802
233 25.5231 44.4812
234 24.549 43.7293
235 24.8763 43.9503
236 25.6695 44.6045
237 25.7316 44.6792
238 24.8611 43.8916
239 24.9823 43.9932
240 24.9129 43.9242
241 25.5526 44.4198
242 25.739 44.6448
243 24.8597 43.9839
244 24.8999 44.1066
245 24.4435 43.7634
246 24.8332 44.1088
247 24.8889 44.0469
248 24.7218 43.8252
249 24.713 43.8254
250 24.7692 43.8584
251 24.8832 44.0155
252 24.5979 43.801
253 24.6794 43.7878
254 24.8343 43.9
255 25.0864 44.0982
256 25.2091 44.1577
257 25.6936 44.4947
258 25.9562 44.6656
259 24.5695 43.7453
260 25.6884 44.7505
261 26.2291 44.8988
262 24.9046 43.9539
263 25.2026 44.2294
264 25.1833 42.5182
265 22.9977 41.8337
266 23.3494 43.3923
267 22.1006 42.1899
268 22.1006 42.6636
269 22.2637 42.7369
270 85.693 57.8893
271 90.3358 43.2795
272 39.9656 42.4954
273 44.2846 49.2609
274 34.0772 24.4821
275 91.193 23.1683
276 30.795 24.3591
277 30.3118 23.4436
278 34.9079 21.3209
279 34.4204 22.1076
280 37.9985 46.9619
281 34.4491 32.6702
282 25.9969 37.3633
283 26.4698 28.2124
284 38.5954 24.0415
285 40.6186 44.4089
286 42.2353 46.7938
287 27.1111 30.1432
288 29.047 27.1423
289 29.6362 28.1514
290 30.2108 28.2657
291 30.5984 27.4398
292 30.3637 28.4421
293 30.8641 27.0619
294 34.5673 21.8032
295 35.4565 22.1459
296 33.6683 30.906
297 33.352 33.9905
298 34.226 37.6165
299 39.227 44.1339
300 34.8681 36.3451
301 30.6493 32.9064
302 36.1113 37.6508
303 34.7008 25.3574
304 34.9471 20.7386
305 29.9238 21.7798
306 20.9734 19.3875
307 31.5795 25.0002
308 34.0093 25.4153
309 30.499 25.8889
310 29.2988 28.7044
311 29.797 27.0882
312 29.8676 27.2068
313 29.6873 27.2844
314 30.6161 25.4352
315 29.3429 27.595
316 30.2958 27.1553
317 29.8707 27.3854
318 29.7555 26.8155
319 29.6681 27.042
320 29.7536 27.1322
321 30.5808 26.9701
322 29.8605 27.7806
323 30.6633 26.9818
324 29.809 27.2753
325 29.7591 26.9984
326 29.8515 27.2564
327 29.8518 27.2559
328 30.3864 25.3314
329 30.4501 25.0757
330 29.9683 26.4093
331 29.848 26.4025
332 29.6855 26.5735
333 29.8185 26.6224
334 29.7325 26.7191
335 30.4203 25.5161
336 30.3826 25.4523
337 29.8976 26.6828
338 29.9119 27.0753
339 29.8272 27.1554
340 29.1083 28.115
341 28.8436 27.2027
342 29.3205 27.8953
343 29.1965 28.0286
344 30.9624 26.0071
345 30.6488 26.0616
346 29.5089 27.3883
347 29.9311 28.4424
348 29.8939 27.4372
349 30.1536 26.1565
350 30.2387 26.0796
351 29.8138 27.0001
352 28.4214 28.9383
353 29.3024 30.6882
354 26.7827 30.5952
355 27.0563 30.9618
356 30.6821 24.9033
357 35.5668 37.9753
358 35.8525 38.2466
359 38.4026 41.8246
360 38.2389 41.5314
361 30.405 26.1698
362 32.0511 27.0976
363 32.9804 26.6454
364 31.0128 27.5275
365 29.8393 25.0249
366 30.9709 30.3717
367 30.3685 25.9493
368 29.9338 25.9503
369 30.1244 23.5106
370 30.2162 27.2114
371 30.2253 27.193
372 26.4504 29.9501
373 34.2115 40.6121
374 40.2167 44.0123
375 39.9551 43.8286
376 31.0494 25.4247
377 30.9255 26.243
378 31.0168 25.2183
379 32.5677 23.5375
380 32.751 23.5654
381 31.0445 25.5953
382 30.8246 23.9822
383 30.6917 25.5494
384 30.8669 25.5883
385 40.0367 43.9305
386 41.3451 45.6208
387 41.5622 45.7884
388 35.0921 27.6208
389 37.3419 23.8348
390 37.4177 26.1811
391 33.7908 25.2051
392 37.4287 24.2676
393 40.1709 11.9174
394 27.2148 30.1611
395 26.3935 30.2357
396 27.258 30.4925
397 28.5057 28.473
398 27.8929 29.0088
399 28.0573 28.9904
400 28.2332 28.8245
401 26.9935 30.3815
402 28.256 31.7222
403 27.1626 29.7649
404 29.0771 28.6399
405 28.827 27.2652
406 26.6742 27.1448
407 28.6217 26.8867
408 29.5844 27.1758
409 29.9749 28.4559
410 30.5738 28.8308
411 29.833 27.2228
412 29.3832 27.0266
413 29.7223 27.3215
414 29.6284 27.1102
415 29.6311 27.0338
416 27.3061 28.0899
417 27.7103 28.0941
418 28.6225 27.5411
419 27.5181 28.3974
420 28.4906 27.6633
421 26.8411 28.6766
422 27.4534 29.2179
423 28.7459 28.8354
424 44.3024 49.2847
425 87.386 46.3366
426 15.1559 18.7218
427 22.806 45.911
428 24.5542 42.1648
429 33.1454 33.5764
430 39.7896 35.0186
431 32.5457 44.9593
432 35.8037 45.4233
433 95.5628 23.554
434 24.9165 43.4344
435 36.88 29.9897
436 24.2202 36.0903
437 33.0346 40.6958
438 31.1146 41.026
439 27.5696 54.3302
440 33.3729 32.4572
441 23.6553 45.5611
442 27.984 42.6079
443 33.4643 43.2109
444 77.8141 45.7701
445 32.8184 35.7636
446 32.3376 77.4372
447 28.3367 59.1415
448 36.8568 26.8241
449 26.5243 19.4851
450 30.6342 33.5297
451 22.2343 29.1031
452 29.9682 40.4565
453 29.5754 38.709
454 26.4991 41.0204
455 29.361 38.6249
456 29.6025 36.0189
457 29.5905 35.8837
458 20.9754 44.5291
459 23.3926 59.4658
460 28.951 33.5248
461 23.5316 48.3811
462 20.6556 45.1386
463 15.2678 61.2726
464 18.8511 61.2726
465 19.4344 61.2726
466 14.3366 55.384
467 16.6397 52.6755
468 35.9703 22.4365
469 29.1514 38.9414
470 29.1514 38.9415
471 28.1208 78.9162
472 27.1047 78.9162
473 27.5563 78.6098
474 29.4757 78.6098
475 91.1257 23.1081
476 23.0319 44.3665
477 22.7622 44.7061
478 22.2961 45.3563
479 25.012 42.5699
480 20.9636 44.8212
481 14.234 79.078
482 14.1686 24.3165
483 29.5725 38.3469
484 29.8626 38.7712
485 27.6772 38.9033
486 25.0783 41.9506
487 24.3818 43.0687
488 23.4257 43.59
489 23.8269 43.3695
490 26.217 36.7108
491 13.1085 30.3554
492 27.8404 36.128
493 20.4733 44.9619
494 20.899 45.0946
495 20.8991 45.0947
496 20.899 45.0946
497 22.962 42.3556
498 20.7714 44.5849
499 20.7714 44.5849
500 21.7385 44.6106
501 22.033 44.7166
502 29.8762 38.9731
503 32.3244 39.3697
504 30.4073 39.702
505 28.7977 36.4269
506 30.9917 38.9507
507 32.3584 39.505
508 31.983 39.5338
509 13.3883 54.2045
510 17.373 50.4809
511 18.9285 60.0365
512 17.4075 56.9705
513 25.4711 56.8971
514 18.3373 48.633
515 18.2313 51.168
516 17.2156 56.6764
517 21.7761 60.7201
518 15.9668 56.4906
519 16.1491 57.4938
520 15.9668 58.3906
521 16.1501 57.149
522 17.4159 54.0782
523 16.8295 48.9349
524 11.4617 60.5586
525 12.684 84.6496
526 12.9582 84.6496
527 12.7646 87.4077
528 12.6194 87.4077
529 10.2052 88.8229
530 21.6748 44.0533
531 21.3388 44.287
532 21.3785 44.5696
533 43.8262 12.0993
534 9.46793 58.1559
535 12.176 63.9872
536 32.2568 73.4519
537 30.1932 43.1808
538 33.4075 42.8266
539 32.2229 34.3915
540 37.6524 24.1987
541 31.192 34.0153
542 35.8309 29.9173
543 83.6306 53.539
544 28.804 31.3932
545 86.3808 38.2756
546 31.7938 49.0043
547 31.6942 48.9433
548 86.5269 57.2541
549 31.4883 48.9336
550 86.6457 57.5323
551 31.6691 48.8853
552 86.527 57.4742
553 32.0142 50.1981
554 31.7066 49.3126
555 31.5241 49.4751
556 31.8181 49.3982
557 86.5611 57.4532
558 31.6933 49.4637
559 86.5713 57.4768
560 31.4343 48.9071
561 86.5298 57.475
562 31.6248 48.8577
563 31.5722 48.8577
564 86.5284 57.3813
565 86.5269 57.5676
566 86.5282 57.6345
567 86.5284 57.7281
568 31.8968 48.9119
569 31.6933 49.4637
570 31.6933 49.4637
571 31.6936 49.4503
572 31.6933 49.4636
573 31.8061 48.8577
574 32.015 49.3052
575 32.019 49.1456
576 31.8139 49.0982
577 32.1339 49.2309
578 31.8308 49.1059
579 32.1172 49.2383
580 31.9493 49.1684
581 31.5956 49.4425
582 31.6933 49.4526
583 31.5137 49.2729
584 31.6906 49.4158
585 31.5528 49.6804
586 31.6544 49.5019
587 31.3114 49.44
588 31.4033 49.186
589 31.2316 49.026
590 31.0021 49.0419
591 30.9639 48.9606
592 30.704 49.0301
593 30.842 49.0365
594 30.7997 49.1371
595 84.1192 58.6445
596 84.3992 58.5117
597 84.3992 58.5117
598 84.3992 58.5117
599 84.3992 58.5117
600 84.3992 58.5117
601 84.3992 58.5117
602 84.3992 58.5117
603 84.2256 58.6433
604 84.1883 58.5117
605 84.2678 58.6428
606 84.2327 58.4564
607 84.3781 58.5048
608 84.2284 58.4558
609 84.1893 58.4424
610 91.4787 54.2263
611 92.7081 68.9195
612 77.6826 56.4152
613 79.7339 56.8993
614 79.1583 56.8152
615 79.7452 56.8987
616 79.1616 56.7846
617 78.3579 56.6512
618 79.7339 56.8844
619 78.2889 56.5778
620 79.9477 56.9666
621 78.2236 56.5669
622 69.1273 54.0799
623 79.356 56.86
624 79.3657 56.8632
625 79.4534 56.8794
626 79.4509 56.8786
627 78.091 56.5328
628 78.091 56.5082
629 79.9462 56.9635
630 79.9186 56.9378
631 79.946 56.9785
632 80.1605 57.0184
633 25.3844 61.5958
634 22.8317 64.4639
635 24.2317 65.4639
636 23.637 62.2777
637 23.6337 62.7401
638 25.361 64.0128
639 26.3052 62.7964
640 25.3792 61.6081
641 38.665 51.3787
642 67.6484 51.4362
643 38.7273 52.2424
644 75.9203 55.3847
645 78.3708 24.7936
646 23.4533 43.2934
647 21.0903 40.6277
648 67.7438 52.1137
649 70.4153 49.9656
650 66.7316 51.6373
651 65.8954 51.3114
652 67.0855 51.8192
653 66.059 51.2628
654 39.4544 50.5834
655 40.2057 50.079
656 66.7806 51.7274
657 66.9934 51.8192
658 40.1228 50.577
659 39.1523 50.7451
660 39.4121 50.5233
661 67.1102 51.7028
662 40.6743 50.0737
663 40.6743 50.0826
664 41.4586 51.4818
665 69.8543 53.0665
666 35.7873 48.6782
667 79.3546 44.8006
668 19.0256 29.9939
669 66.7416 49.5872
670 73.034 54.7996
671 45.3288 60.3353
672 40.6577 66.8556
673 38.9306 62.5162
674 37.3406 44.6395
675 32.1871 35.3731
676 22.825 43.9746
677 12.9762 37.0946
678 17.6448 39.8092
679 19.3339 42.6865
680 21.2838 42.4748
681 19.3254 41.7066
682 40.3713 44.5709
683 38.9454 50.4628
684 39.1825 50.2664
685 38.9928 50.0538
686 38.9881 50.1482
687 38.1487 50.8023
688 38.0295 50.7893
689 38.3096 50.8662
690 37.7559 49.9699
691 37.8858 51.2612
692 65.7671 51.1234
693 37.9059 51.2193
694 38.5034 51.5949
695 34.7587 54.8797
696 38.3995 51.4801
697 38.0918 51.6195
698 38.029 51.5172
699 37.9431 51.3188
700 37.8649 51.3502
701 37.8894 51.312
702 39.7067 50.0885
703 38.7523 51.4089
704 70.6117 54.0589
705 37.9407 51.2163
706 38.513 53.7897
707 66.9587 51.6566
708 67.5644 52.2705
709 27.0682 46.7073
710 27.5384 46.2521
711 27.7585 46.2769
712 30.202 47.6599
713 15.6134 47.136
714 14.0904 52.5588
715 14.9996 53.5508
716 32.2241 30.7989
717 15.1299 46.4082
718 14.7737 50.1332
719 14.048 51.0996
720 11.4101 51.5161
721 15.7152 32.1205
722 15.9228 65.2246
723 32.9574 30.7584
724 27.0553 31.0969
725 13.9726 55.8426
726 14.6372 45.8073
727 13.1424 61.9048
728 22.0981 31.4385
729 17.5847 31.5522
730 13.916 54.1957
731 13.867 54.5239
732 13.4289 53.7792
733 14.8498 48.4922
734 14.0913 48.4945
735 20.1189 50.1153
736 12.2372 47.972
737 15.3717 49.8231
738 14.1799 48.5755
739 11.5921 49.3022
740 11.8625 48.792
741 12.519 50.69
742 14.0703 50.0265
743 14.3753 49.8162
744 11.5858 49.6766
745 13.3915 53.2334
746 12.1239 53.0449
747 13.9381 47.7131
748 14.0363 52.3526
749 11.4467 51.4073
750 14.905 46.8016
751 14.8568 45.4636
752 11.5287 51.8638
753 15.7281 47.7321
754 15.7379 47.7949
755 15.6909 47.8639
756 15.7491 47.7284
757 15.5895 47.9549
758 15.6593 48.2911
759 13.6718 50.5784
760 14.1811 46.2728
761 15.678 47.8514
762 15.0966 45.485
763 15.0527 45.2009
764 13.8503 49.7922
765 14.9972 52.6113
766 14.5636 52.251
767 15.102 52.963
768 15.2138 52.7196
769 15.0913 53.1117
770 15.2137 52.7678
771 15.1262 54.0458
772 15.214 52.6028
773 15.1139 52.9195
774 15.1262 53.7125
775 15.1819 53.3711
776 15.1417 53.6445
777 14.7261 54.6927
778 16.4271 53.4141
779 16.3559 53.4857
780 14.6566 53.594
781 16.2868 53.4645
782 14.5894 54.6058
783 16.4464 53.4048
784 16.389 53.4124
785 14.647 53.8884
786 16.4461 53.3988
787 16.3994 53.4037
788 14.4057 52.4116
789 16.4468 53.3981
790 16.3707 53.371
791 14.678 52.1566
792 11.9317 52.5547
793 12.4108 53.0626
794 12.4108 53.0765
795 12.3995 53.0902
796 12.3995 53.0902
797 12.5562 53.581
798 12.1986 58.2505
799 17.2384 45.5363
800 16.1149 49.9079
801 15.8748 49.4195
802 12.8531 55.6323
803 13.2331 54.3357
804 16.1305 46.6258
805 18.6547 48.5612
806 11.6597 57.4558
807 12.8531 57.3555
808 10.7816 59.043
809 10.8983 54.4562
810 11.5039 52.9432
811 10.3447 54.3688
812 10.6413 62.1653
813 11.2784 61.4615
814 9.74257 55.9786
815 11.0133 53.2322
816 11.2111 53.3037
817 10.7881 50.6309
818 11.2463 51.8495
819 12.4116 51.1747
820 11.2357 51.3158
821 11.2357 51.3158
822 11.5275 51.8307
823 12.4588 50.7724
824 11.4169 50.8741
825 11.4169 51.0971
826 11.2624 61.9271
827 7.56309 67.3563
828 10.1093 35.1741
829 7.56309 77.0229
830 10.1017 39.9598
831 10.1053 38.5609
832 9.85358 36.6207
833 14.808 50.7096
834 14.9614 52.264
835 10.9767 60.0187
836 14.307 55.0502
837 13.0671 54.4135
838 12.9144 53.9247
839 11.0319 50.0772
840 14.8686 50.2266
841 14.6891 51.0991
842 14.8437 48.5254
843 13.0764 50.4269
844 13.0369 51.7939
845 11.7166 55.5209
846 11.9631 55.3194
847 12.2966 55.2535
848 11.9633 55.3382
849 12.2865 55.0839
850 12.3063 55.0627
851 11.2264 54.6527
852 17.1614 52.1949
853 16.9347 56.0317
854 17.4793 56.3591
855 15.7534 51.3685
856 15.7793 54.3145
857 16.9038 45.4025
858 15.802 50.6383
859 16.1154 45.3257
860 16.3892 45.3648
861 16.5841 45.8612
862 16.8533 43.1295
863 15.8102 43.8417
864 16.3521 44.1923
865 15.6315 45.342
866 15.9019 43.5731
867 16.5383 43.1658
868 15.5094 42.1485
869 15.7551 43.9542
870 16.4931 44.9885
871 15.4636 45.2097
872 14.8025 45.5455
873 14.027 50.1159
874 15.4685 45.7802
875 15.637 45.4183
876 14.3099 47.1933
877 14.6918 48.4341
878 15.0305 47.0943
879 14.8963 48.6524
880 15.1963 47.1931
881 15.0597 48.7866
882 13.2766 50.5541
883 13.3807 50.0809
884 14.584 49.4032
885 14.6408 49.256
886 16.1551 47.678
887 16.1671 47.8441
888 14.7401 51.4835
889 11.1054 44.1997
890 85.4581 58.0002
891 31.7534 49.2323
892 31.5137 49.1384
893 86.5178 57.5481
894 86.4663 57.5513
895 86.4031 57.5326
896 86.4356 57.5184
897 86.4172 57.6719
898 86.4722 57.5922
899 86.515 57.4933
900 86.5437 57.4889
901 86.5425 57.4928
902 31.7735 49.2161
903 31.7682 49.2227
904 86.5581 57.485
905 31.7622 49.2202
906 31.8061 49.4425
907 31.3536 49.5215
908 31.8061 49.4425
909 31.7328 49.2682
910 31.7359 49.4425
911 31.7652 49.4425
912 31.7578 49.2322
913 31.6547 49.3183
914 31.765 49.2284
915 31.7433 49.1514
916 31.7845 49.2111
917 31.786 49.2108
918 31.7872 49.2109
919 31.7419 49.2756
920 31.7419 49.2756
921 31.7801 49.2581
922 31.7801 49.2581
923 86.4498 57.451
924 86.4727 57.4581
925 31.7694 49.2229
926 31.7761 49.2214
927 31.7447 49.2327
928 84.836 57.0913
929 84.6453 57.0489
930 31.3812 49.4141
931 86.146 57.3861
932 86.4739 57.4562
933 86.4611 57.454
934 86.5161 57.4805
935 31.6209 49.4283
936 86.273 57.4243
937 86.5579 57.4829
938 31.7359 49.4425
939 86.5434 57.4884
940 86.5213 57.4926
941 31.7607 49.146
942 86.535 57.486
943 31.7486 49.326
944 31.7148 49.2878
945 31.747 49.2287
946 31.7286 49.2484
947 86.5019 57.4873
948 31.7652 49.2395
949 31.7536 49.2322
950 31.734 49.2524
951 31.6791 49.3018
952 31.601 49.3892
953 31.6656 49.2987
954 31.7673 49.2223
955 31.7459 49.2409
956 31.6926 49.2016
957 84.4194 58.5081
958 84.3742 58.5064
959 84.3986 58.5121
960 84.3843 58.4773
961 84.4027 58.4908
962 84.3749 58.4987
963 84.4013 58.5071
964 84.3996 58.5187
965 84.2102 58.4585
966 84.3887 58.5416
967 84.3992 58.5117
968 84.3992 58.5117
969 84.4083 58.5074
970 84.3992 58.5117
971 84.3362 58.4915
972 84.3639 58.4927
973 84.1745 58.4423
974 84.3469 58.4881
975 84.3408 58.4866
976 84.4082 58.5075
977 84.4941 58.5598
978 84.4099 58.5225
979 84.3792 58.4994
980 84.4181 58.5248
981 84.3381 58.4918
982 84.3318 58.4894
983 84.3403 58.2986
984 84.3362 58.4718
985 84.2491 58.387
986 84.3311 58.4842
987 84.3069 58.4872
988 84.4286 58.4917
989 84.1982 58.6671
990 84.1144 58.6497
991 84.1288 58.6533
992 84.4285 58.492
993 84.4078 58.5076
994 84.4079 58.5077
995 84.4009 58.5055
996 84.3308 58.4909
997 84.3457 58.4875
998 84.3581 58.5243
999 84.3472 58.5079
1000 84.3597 58.4875
1001 84.4077 58.5076
1002 84.3454 58.4948
1003 84.2139 58.4508
1004 84.3909 58.5059
1005 84.3368 58.4877
1006 38.4613 54.5064
1007 90.3267 65.9146
1008 90.3266 56.3746
1009 89.9011 66.1022
1010 89.9014 57.2398
1011 87.3361 57.4311
1012 87.3369 62.2113
1013 65.4872 52.7826
1014 65.4778 52.7737
1015 65.1264 52.676
1016 65.1068 52.675
1017 65.0929 52.6704
1018 65.2464 52.7096
1019 65.0223 52.668
1020 65.0027 52.6475
1021 64.9968 52.6281
1022 65.0242 52.6521
1023 65.047 52.66
1024 65.8456 52.8878
1025 65.8246 52.8816
1026 65.6054 52.7907
1027 64.6002 52.5253
1028 33.6785 48.6304
1029 64.8479 52.6126
1030 64.8554 52.6075
1031 64.9294 52.6318
1032 65.9781 52.9514
1033 66.1218 52.9333
1034 66.7059 53.0565
1035 66.6171 53.0366
1036 65.2579 52.7574
1037 64.958 52.6549
1038 64.8946 52.6361
1039 65.4568 52.7667
1040 65.5263 52.7873
1041 64.7851 52.6096
1042 65.1231 52.7101
1043 65.0507 52.6429
1044 64.7855 52.5688
1045 65.8736 52.8615
1046 65.8658 52.8574
1047 65.4682 52.7656
1048 65.5596 52.7926
1049 65.0223 52.6601
1050 65.4612 52.7713
1051 65.3121 52.7323
1052 63.7885 52.3381
1053 64.8535 52.6294
1054 64.5801 52.5768
1055 64.5138 52.5452
1056 64.3327 52.5041
1057 65.8863 52.8596
1058 65.6246 52.7994
1059 65.0876 52.6765
1060 64.8643 52.6296
1061 64.8854 52.632
1062 64.899 52.6391
1063 64.8626 52.6257
1064 64.997 52.6623
1065 64.9525 52.6512
1066 64.1173 52.4611
1067 65.0225 52.6624
1068 64.5682 52.5192
1069 64.4555 52.4838
1070 64.7725 52.6012
1071 64.1971 52.4695
1072 64.2124 52.4751
1073 82.8883 61.0619
1074 66.0745 52.9728
1075 65.8964 52.927
1076 65.0866 52.6785
1077 65.5868 52.8003
1078 65.3042 52.7305
1079 66.0441 52.8988
1080 66.0471 52.8991
1081 65.9077 52.9124
1082 64.8748 52.6146
1083 63.9189 52.3974
1084 63.903 52.2615
1085 64.8379 52.6014
1086 63.9601 52.3012
1087 65.494 52.7819
1088 65.2122 52.7032
1089 65.5562 52.7743
1090 83.2814 60.1873
1091 83.2372 60.1797
1092 65.2219 52.7106
1093 69.8596 53.8633
1094 65.2916 52.7183
1095 65.6563 52.7993
1096 65.1746 52.6896
1097 65.1505 52.6851
1098 65.1246 52.6765
1099 65.7251 52.8195
1100 65.2487 52.7123
1101 65.1286 52.6817
1102 65.6135 52.7886
1103 65.6369 52.793
1104 65.7251 52.8171
1105 67.7845 53.4946
1106 65.5915 52.8132
1107 66.0379 52.9422
1108 66.868 53.2027
1109 66.4714 53.0552
1110 67.2675 53.3455
1111 65.9997 52.9213
1112 80.6706 57.542
1113 65.9528 52.9361
1114 68.1613 53.406
1115 65.5714 52.809
1116 83.7562 59.2178
1117 64.5652 52.6361
1118 64.4139 52.587
1119 66.0525 52.9506
1120 66.0047 52.8994
1121 69.404 53.9976
1122 67.4504 53.412
1123 72.5728 54.9505
1124 19.2706 42.3345
1125 65.3315 52.7866
1126 66.2307 53.0576
1127 63.8199 51.218
1128 26.1885 37.0821
1129 83.8671 58.6324
1130 85.811 58.9683
1131 84.3649 58.9857
1132 84.3628 59.324
1133 84.1139 60.0359
1134 82.8179 62.0401
1135 83.8677 60.857
1136 80.2477 56.8247
1137 84.8492 58.5177
1138 71.8705 55.2295
1139 72.4287 54.3218
1140 84.5288 58.0612
1141 79.2071 66.9564
1142 82.5417 64.4092
1143 81.9009 65.6065
1144 81.1202 64.3406
1145 66.7678 53.1894
1146 68.9811 53.9126
1147 67.6097 53.3592
1148 69.0067 58.552
1149 76.8077 56.4151
1150 76.7234 56.4023
1151 76.4799 56.3102
1152 76.4717 56.3638
1153 81.889 57.2813
1154 66.8698 53.0925
1155 66.9671 53.106
1156 66.8278 53.0884
1157 66.9352 53.1147
1158 67.1821 53.1831
1159 66.9328 53.113
1160 66.8023 53.0779
1161 66.8438 53.0881
1162 67.026 53.1293
1163 67.0768 53.1466
1164 67.647 53.2631
1165 67.6227 53.2599
1166 65.2778 52.747
1167 68.9587 53.5347
1168 68.305 53.4948
1169 73.9131 54.9432
1170 71.7757 54.1901
1171 83.3546 58.3505
1172 59.6277 51.2393
1173 59.6351 51.3895
1174 60.3555 51.585
1175 34.9165 47.3628
1176 60.5389 51.6268
1177 60.2336 51.5372
1178 63.6716 52.3443
1179 64.2395 52.4846
1180 64.7588 52.6091
1181 60.7869 51.7154
1182 64.0651 52.4498
1183 64.8721 52.6279
1184 83.5229 59.8552
1185 66.1956 53.0413
1186 65.9467 52.9537
1187 69.4243 53.9693
1188 66.135 52.988
1189 68.1049 53.5604
1190 67.0584 53.2768
1191 66.0012 48.4646
1192 58.7073 51.1934
1193 66.3247 53.0757
1194 66.8681 53.1747
1195 64.2482 52.4904
1196 60.193 51.5929
1197 70.2595 54.7908
1198 83.6357 58.7187
1199 84.435 58.2615
1200 84.3581 58.3264
1201 83.4805 57.9314
1202 84.4536 58.5861
1203 84.4382 58.1525
1204 84.4607 58.0825
1205 83.7672 57.8983
1206 84.2897 58.1029
1207 84.2552 58.1507
1208 83.9621 58.2553
1209 84.131 60.0699
1210 84.5628 59.4297
1211 84.4864 60.1587
1212 56.1117 50.555
1213 64.9631 52.6337
1214 65.0548 52.6595
1215 65.3213 52.7531
1216 64.867 52.6458
1217 80.7178 57.8436
1218 82.6853 58.0465
1219 82.3813 59.6405
1220 81.0438 57.872
1221 82.8761 58.603
1222 83.7968 58.2627
1223 71.5889 55.0999
1224 63.9223 52.3991
1225 70.0358 54.2146
1226 68.6732 53.8078
1227 67.5521 53.5512
1228 71.5947 54.4762
1229 69.4452 53.9892
1230 84.2568 58.6077
1231 69.0628 53.9273
1232 69.0149 53.9044
1233 83.5178 61.1784
1234 77.5034 56.5914
1235 83.5081 59.971
1236 83.979 59.0474
1237 66.6157 53.3567
1238 64.7327 52.7412
1239 67.7455 53.5993
1240 84.3766 59.1161
1241 66.9568 53.1829
1242 88.8991 61.6099
1243 78.4613 56.7528
1244 86.7889 51.1871
1245 86.7588 53.4067
1246 15.3434 62.1865
1247 15.1362 69.1439
1248 31.0499 61.8943
1249 31.0499 61.8945
1250 19.8606 61.1091
1251 23.2891 67.9663
1252 84.3716 58.1918
1253 34.5571 59.4577
1254 21.5586 56.1662
1255 20.8425 56.936
1256 20.6869 55.6383
1257 20.7634 55.5822
1258 21.2397 56.3507
1259 21.9667 55.6084
1260 21.5099 55.9341
1261 21.6936 56.1617
1262 22.2674 54.6093
1263 22.5638 56.6477
1264 25.1255 54.5652
1265 22.3737 57.1623
1266 24.7098 55.6363
1267 29.4822 54.6979
1268 24.1211 54.8071
1269 23.5028 56.2664
1270 23.3847 56.2256
1271 23.6213 55.7714
1272 24.396 55.5088
1273 25.1768 55.0864
1274 24.9044 55.3005
1275 28.16 55.3174
1276 30.4092 53.4033
1277 26.0905 54.8134
1278 25.6225 54.1251
1279 25.5814 55.0709
1280 26.6404 54.4038
1281 27.0327 54.6854
1282 25.4951 54.665
1283 33.1678 52.8759
1284 26.0261 55.0521
1285 24.8487 55.6969
1286 28.092 52.6388
1287 28.3478 52.5877
1288 28.5532 52.6056
1289 30.9186 52.6322
1290 28.6233 53.7048
1291 26.7954 55.0066
1292 23.3028 54.7246
1293 24.2561 54.2018
1294 28.4408 54.4435
1295 28.1553 54.5505
1296 29.1724 53.7472
1297 24.6031 54.786
1298 21.2306 57.5079
1299 21.4337 56.8047
1300 21.6468 56.6596
1301 20.256 56.8333
1302 21.8291 56.5857
1303 22.7062 56.2739
1304 22.7817 56.0627
1305 23.1166 56.0168
1306 22.7211 56.2114
1307 22.6529 56.1504
1308 23.1445 56.0731
1309 22.9617 56.0546
1310 23.0517 56.2015
1311 22.8479 56.1782
1312 23.0827 56.1447
1313 22.6748 56.2514
1314 22.3584 55.4007
1315 22.9952 56.1748
1316 23.0275 55.945
1317 23.3074 55.7625
1318 22.8298 56.201
1319 22.7958 56.2957
1320 22.8841 56.0634
1321 22.9123 56.0156
1322 22.5606 56.4722
1323 23.1834 57.3252
1324 23.19 57.313
1325 22.9739 56.1007
1326 22.832 56.3154
1327 22.6068 56.4524
1328 22.7829 56.268
1329 22.7321 56.273
1330 22.5232 56.4347
1331 22.478 56.4492
1332 22.7141 56.308
1333 22.5809 56.2918
1334 22.7826 56.1717
1335 22.6995 56.309
1336 22.7587 56.2454
1337 22.4699 56.5175
1338 22.6766 56.3051
1339 26.3329 54.6276
1340 24.5806 54.7279
1341 24.0009 54.8064
1342 25.2868 54.6226
1343 23.5195 55.5785
1344 22.6434 53.5479
1345 22.5454 53.4392
1346 22.6005 56.5958
1347 24.1439 57.2558
1348 22.216 54.0743
1349 22.1205 54.0458
1350 23.1547 56.2994
1351 22.7552 56.6356
1352 22.2242 56.8625
1353 21.5095 56.2106
1354 21.4272 54.076
1355 23.1582 55.4117
1356 23.39 55.4035
1357 23.9355 55.0978
1358 21.4499 57.0271
1359 21.4512 57.7576
1360 21.1712 58.9735
1361 20.9359 59.1313
1362 21.0531 58.9921
1363 21.6467 55.661
1364 21.5141 57.0272
1365 21.9663 56.235
1366 21.8942 56.2913
1367 21.9836 56.4138
1368 21.5205 55.9292
1369 21.9465 56.4539
1370 24.0014 55.4438
1371 24.2225 55.6269
1372 24.0204 55.6645
1373 23.9902 55.6093
1374 23.9262 55.6173
1375 24.8853 55.831
1376 23.1098 56.0395
1377 22.811 54.2493
1378 26.392 55.081
1379 26.7673 54.9536
1380 23.2342 55.9466
1381 19.6949 57.309
1382 18.7975 60.7291
1383 18.3643 60.872
1384 18.4509 63.9822
1385 20.9116 55.5983
1386 20.1135 57.2819
1387 21.1137 56.2722
1388 19.7598 56.603
1389 27.4151 54.8856
1390 26.8356 60.8637
1391 26.8356 60.8637
1392 24.3579 60.2932
1393 37.7228 54.7948
1394 26.1963 53.4912
1395 30.0007 54.9194
1396 24.8108 57.2358
1397 17.0951 57.9246
1398 21.7964 56.5733
1399 21.9333 56.9553
1400 21.9113 56.9493
1401 22.0295 56.7919
1402 21.3701 56.0893
1403 85.481 57.949
1404 86.5495 57.3983
1405 86.5422 57.5561
1406 86.5545 57.5323
1407 86.5433 57.502
1408 31.8907 49.1157
1409 86.4762 57.6268
1410 86.5831 57.3909
1411 31.5137 49.3022
1412 31.7931 49.1185
1413 84.4125 58.4997
1414 84.4188 58.5385
1415 84.4161 58.5374
1416 84.442 58.5282
1417 84.4252 58.5656
1418 84.4107 58.5053
1419 84.4668 58.4735
1420 84.4422 58.5319
1421 84.4081 58.5472
1422 84.4246 58.5137
1423 84.4084 58.507
1424 84.3992 58.3514
1425 85.6105 59.2798
1426 84.8785 60.0476
1427 84.7725 59.6565
1428 84.8374 59.9142
1429 84.7326 59.7912
1430 84.8644 60.3133
1431 84.6133 59.9317
1432 85.0515 59.6387
1433 85.0382 59.6559
1434 84.6616 59.6448
1435 85.5321 63.3411
1436 85.0863 60.2302
1437 84.0343 62.9997
1438 86.0033 64.601
1439 86.478 58.115
1440 84.6222 60.0022
1441 84.8962 59.7922
1442 84.3138 60.0338
1443 78.9572 58.6782
1444 87.126 56.9691
1445 88.7423 51.094
1446 88.4335 60.8821
1447 88.4031 55.0423
1448 85.0433 60.9909
1449 85.9496 63.6638
1450 85.9031 64.6852
1451 85.8844 64.5113
1452 85.9628 59.1872
1453 86.2886 58.1759
1454 85.7688 58.5242
1455 85.69 58.6292
1456 86.4816 56.1892
1457 84.1835 44.9543
1458 34.0738 43.7161
1459 37.8014 48.146
1460 35.917 47.5133
1461 94.9898 57.9667
1462 29.5609 36.7052
1463 100 14
1464 40.6992 47.8428
1465 33.8756 42.0743
1466 97.6267 57.8263
1467 97.8904 53.5123
1468 98.9452 36.2562
1469 17.583 42.5027
1470 34.059 39.4759
1471 34.3436 29.7115
1472 33.1834 31.9133
1473 33.343 33.55
1474 17.6357 22.0517
1475 24.6311 38.3611
1476 27.5902 38.9464
1477 34.2963 45.3356
1478 34.0051 42.5862
1479 27.5088 43.4139
1480 35.166 28.0054
1481 37.035 25.4086
1482 35.2714 25.1034
1483 36.7903 25.7998
1484 34.6476 34.9501
1485 36.7645 26.6875
1486 86.3513 57.4652
1487 86.4822 57.4827
1488 86.5667 57.4774
1489 86.5471 57.4752
1490 86.5495 57.4758
1491 86.5474 57.4756
1492 86.5663 57.4772
1493 86.2389 57.4604
1494 86.1769 57.484
1495 86.5691 57.4777
1496 86.5407 57.4842
1497 86.3074 57.4747
1498 86.5492 57.4845
1499 86.541 57.4828
1500 86.5695 57.4778
1501 86.4656 57.528
1502 86.5334 57.4813
1503 86.2539 57.4574
1504 86.1781 57.4511
1505 31.5041 49.4373
1506 31.5029 49.4137
1507 84.3964 58.5659
1508 84.3964 58.6079
1509 84.3928 58.3255
1510 84.3945 58.5443
1511 84.3945 58.4266
1512 84.3956 58.5674
1513 84.3956 58.4666
1514 84.396 58.6247
1515 84.389 58.5238
1516 84.3959 58.6078
1517 84.3947 58.267
1518 84.3953 58.5883
1519 84.3947 58.3468
1520 84.394 58.3845
1521 84.3948 58.4479
1522 84.3948 58.6454
1523 84.3922 58.5862
1524 84.3927 58.3674
1525 84.3927 58.2875
1526 84.394 58.4055
1527 84.3923 58.5441
1528 84.3875 58.4798
1529 84.3928 58.5062
1530 84.3828 58.2984
1531 84.3188 58.4876
1532 84.4633 58.478
1533 84.397 58.4861
1534 84.3966 58.465
1535 84.2295 58.4536
1536 84.4027 58.5019
1537 84.0995 58.6482
1538 84.1004 58.6431
1539 84.2348 58.6482
1540 84.1164 58.635
1541 84.0772 58.6301
1542 82.7631 57.0363
1543 82.8636 57.3908
1544 82.799 57.105
1545 82.8029 57.1301
1546 82.8621 57.1789
1547 82.8122 57.1383
1548 82.8553 57.1753
1549 82.6797 57.0966
1550 82.8373 57.156
1551 82.8659 57.1857
1552 81.0305 56.7157
1553 81.3898 56.7857
1554 82.8285 57.1292
1555 83.8045 57.0894
1556 82.8233 57.128
1557 82.6887 57.0983
1558 82.8373 57.1536
1559 82.8762 57.1805
1560 83.0571 57.3126
1561 83.0382 57.2284
1562 82.7415 57.2125
1563 82.7351 57.2244
1564 83.1455 57.2319
1565 83.1635 57.2368
1566 83.3421 57.3137
1567 83.7716 57.3972
1568 83.1192 57.1955
1569 83.7157 57.4011
1570 83.7193 57.3985
1571 83.6054 57.385
1572 83.62 57.3934
1573 83.8702 57.4018
1574 84.4282 57.3581
1575 84.3779 57.3521
1576 83.4713 57.7213
1577 83.5384 57.7647
1578 85.6932 57.3708
1579 83.1139 57.137
1580 85.6347 57.3493
1581 82.8915 57.1103
1582 83.0323 57.1564
1583 82.987 57.1449
1584 83.2723 57.2531
1585 83.3094 57.2529
1586 83.2728 57.2602
1587 83.3094 57.2579
1588 85.1604 57.4408
1589 85.9721 57.4109
1590 85.451 57.3519
1591 86.0574 57.4205
1592 86.1182 57.4288
1593 82.5843 57.0231
1594 82.828 57.108
1595 82.8114 57.1062
1596 82.8158 57.1051
1597 82.8721 57.1246
1598 82.8721 57.1249
1599 83.08 57.1521
1600 83.0938 57.154
1601 83.241 57.1714
1602 81.6456 56.813
1603 82.812 57.123
1604 82.8337 57.1271
1605 82.8217 57.1225
1606 82.8319 57.1378
1607 82.8852 57.1811
1608 83.1078 57.1862
1609 83.1341 57.2182
1610 83.0832 57.1931
1611 81.889 56.8991
1612 78.7609 56.1512
1613 80.7959 56.6407
1614 81.4863 56.8225
1615 29.1947 54.2973
1616 36.0055 52.9395
1617 38.1599 53.0881
1618 38.5905 54.1177
1619 73.6614 56.7169
1620 74.9462 57.0359
1621 38.3412 54.346
1622 76.2093 57.1638
1623 75.262 57.0418
1624 36.0508 53.9848
1625 38.5905 54.4008
1626 79.3867 57.6655
1627 79.9685 57.5909
1628 77.1894 57.2737
1629 77.3359 57.2998
1630 77.49 57.3502
1631 77.904 57.4385
1632 77.8992 57.1825
1633 76.2426 57.1294
1634 80.4914 57.5906
1635 76.8146 57.0737
1636 77.4211 57.2025
1637 77.1448 57.1825
1638 100 62
1639 100 14
1640 26.2411 52.2888
1641 27.3879 52.3665
1642 28.4741 52.5015
1643 29.4328 51.9795
1644 26.5004 52.2639
1645 27.4304 52.4173
1646 28.5837 53.8472
1647 28.5837 53.8472
1648 25.1731 53.2375
1649 25.3841 53.3809
1650 31.5137 49.4425
1651 31.6541 49.4425
1652 31.7359 49.4425
1653 31.6833 49.4425
1654 31.8061 49.4425
1655 31.8061 49.4425
1656 86.3634 57.4459
1657 86.5582 57.4849
1658 31.8508 49.2575
1659 86.5032 57.4601
1660 31.8953 48.9547
1661 86.4578 57.487
1662 86.5567 57.4852
1663 31.5234 49.0485
1664 86.5152 57.4652
1665 31.7755 49.2081
1666 86.4767 57.4683
1667 86.5179 57.4788
1668 86.4962 57.471
1669 86.5301 57.5132
1670 86.4374 57.5205
1671 86.4884 57.4956
1672 31.9104 49.2908
1673 86.5152 57.465
1674 86.5567 57.4857
1675 86.4652 57.4734
1676 86.5567 57.4834
1677 31.5292 49.5664
1678 86.5464 57.4632
1679 86.5595 57.4642
1680 86.5595 57.4642
1681 86.5525 57.4593
1682 86.4219 57.4951
1683 86.5216 57.4803
1684 86.5567 57.486
1685 86.544 57.4917
1686 86.5436 57.4916
1687 86.3032 57.5046
1688 86.536 57.4622
1689 86.5442 57.4627
1690 86.4853 57.4348
1691 86.2446 57.4585
1692 86.4683 57.4725
1693 86.5317 57.4779
1694 86.4765 57.4349
1695 86.5567 57.4832
1696 86.5576 57.4852
1697 86.5576 57.4852
1698 31.66 49.2321
1699 86.5525 57.4593
1700 86.5149 57.4652
1701 86.5576 57.5516
1702 86.5184 57.4632
1703 86.5576 57.4849
1704 86.5567 57.4836
1705 86.5147 57.7064
1706 86.5025 57.4634
1707 86.4373 57.5205
1708 86.4019 57.2807
1709 86.5423 57.4688
1710 86.5421 57.4687
1711 86.5518 57.4729
1712 86.5059 57.4843
1713 86.5463 57.4698
1714 86.546 57.4698
1715 86.5117 57.5267
1716 86.5577 57.4849
1717 86.4693 57.477
1718 86.501 57.4931
1719 86.5756 57.4882
1720 31.5041 49.4373
1721 31.5029 49.4137
1722 86.5581 57.139
1723 84.417 58.5032
1724 84.3527 58.5069
1725 84.3682 58.4304
1726 84.3863 58.8186
1727 84.3992 58.5117
1728 84.255 58.4852
1729 84.1888 58.4506
1730 84.1616 58.4999
1731 84.1443 58.5403
1732 84.1868 58.4193
1733 84.1826 58.518
1734 84.3268 58.5047
1735 84.203 58.551
1736 84.1982 58.5452
1737 84.4083 58.6068
1738 84.3477 58.5144
1739 84.1675 58.6016
1740 84.4119 58.5252
1741 84.3268 58.5047
1742 84.1675 58.6601
1743 84.1982 58.6251
1744 84.1715 58.6225
1745 84.2048 58.2713
1746 84.3587 58.4926
1747 84.4081 58.5066
1748 84.429 58.4912
1749 84.4229 58.4941
1750 84.1982 58.6671
1751 84.4172 58.5032
1752 84.4162 58.5033
1753 83.8769 58.3456
1754 84.3347 58.4869
1755 84.4082 58.5074
1756 84.4155 58.1821
1757 84.1982 58.2469
1758 84.3364 58.5493
1759 84.3364 58.5497
1760 84.429 58.4912
1761 84.1617 58.4365
1762 84.3362 58.5012
1763 84.1659 58.2812
1764 84.1691 58.2469
1765 84.4104 58.4787
1766 84.4138 58.5069
1767 84.4212 58.4366
1768 84.3362 58.501
1769 84.1982 58.3057
1770 84.3858 58.5485
1771 84.1859 58.4875
1772 84.3134 58.4692
1773 84.0479 58.6279
1774 83.9504 58.6006
1775 84.0409 58.6266
1776 84.2035 58.6266
1777 84.1865 58.6263
1778 84.0797 58.6374
1779 84.0989 58.6348
1780 84.2212 58.6413
1781 84.0869 58.6395
1782 84.2109 58.6544
1783 84.1538 58.6501
1784 84.398 58.5285
1785 84.3767 58.5318
1786 84.3683 58.5428
1787 84.3683 58.5413
1788 84.3992 58.5117
1789 84.39 58.6282
1790 84.3992 58.5117
1791 84.3992 58.5117
1792 84.3992 58.5117
1793 84.3683 58.5434
1794 84.3992 58.5117
1795 84.3992 58.5117
1796 84.3766 58.5342
1797 84.3657 58.5362
1798 84.3566 58.5296
1799 84.405 58.5351
1800 84.4245 58.6212
1801 84.4023 58.5343
1802 84.4167 58.6221
1803 84.3848 58.6238
1804 84.3683 58.542
1805 84.4227 58.5132
1806 84.3505 58.4995
1807 84.3579 58.5356
1808 84.3782 58.5271
1809 84.3682 58.4366
1810 84.3699 58.5004
1811 84.3992 58.5117
1812 84.3992 58.5117
1813 84.3992 58.5117
1814 84.3583 58.5085
1815 84.3583 58.5085
1816 78.0267 56.9528
1817 72.9614 55.608
1818 74.481 56.0148
1819 78.9994 57.2236
1820 73.2963 55.6948
1821 71.2283 55.1403
1822 73.3136 55.6988
1823 71.2245 55.1381
1824 80.025 57.4766
1825 77.3876 56.5965
1826 78.9586 57.2127
1827 80.8688 57.6265
1828 81.0714 57.7885
1829 79.1947 57.2733
1830 81.1405 57.8042
1831 80.6703 57.6764
1832 80.8626 57.7283
1833 80.846 57.7246
1834 81.3884 57.8775
1835 80.3407 57.5945
1836 80.7411 57.6927
1837 80.5814 57.6485
1838 80.6538 57.6696
1839 80.3139 57.5786
1840 80.553 57.6412
1841 80.6984 57.6817
1842 80.605 57.6567
1843 81.2055 57.8221
1844 81.3588 57.8698
1845 81.464 57.8999
1846 80.7301 57.6933
1847 80.4634 57.6145
1848 80.1152 57.5302
1849 80.5214 57.6437
1850 81.1214 57.8046
1851 87.5439 43.9809
1852 87.5439 45.2666
1853 87.5439 45.2666
1854 34.975 37.4273
1855 64.4746 44.0372
1856 81.5659 54.5826
1857 84.2838 57.7862
1858 82.5628 50.9872
1859 78.9492 50.6472
1860 85.0931 58.1538
1861 85.2095 57.9535
1862 76.3089 56.3089
1863 25.8421 80.6151
1864 25.8622 80.5419
1865 26.0384 80.6151
1866 26.8189 80.5557
1867 26.8175 80.5904
1868 26.3598 80.2345
1869 26.8096 80.5012
1870 26.8175 80.558
1871 26.8175 80.558
1872 25.933 80.558
1873 26.8241 80.6227
1874 26.6935 80.6036
1875 25.8421 80.6151
1876 26.7723 80.411
1877 26.2152 80.6151
1878 26.3597 80.2268
1879 26.8239 80.6151
1880 26.3597 80.2268
1881 26.3597 80.2764
1882 26.7792 80.5825
1883 26.8241 80.6227
1884 12.921 90.3075
1885 15.4311 90.271
1886 18.0192 90.3076
1887 38.4095 90.2778
1888 38.4087 90.2952
1889 89.695 79.3141
1890 38.4048 90.2506
1891 38.4087 90.279
1892 38.4087 90.279
1893 15.4665 90.279
1894 38.4121 90.3114
1895 34.8468 90.3018
1896 12.921 90.3076
1897 37.3862 90.2055
1898 22.6076 90.3075
1899 89.7123 79.3106
1900 38.412 90.3076
1901 87.2084 79.311
1902 85.1924 79.3119
1903 37.3896 90.2912
1904 38.4121 90.3114
1905 82.3681 57.2662
1906 84.7628 58.283
1907 84.6726 58.2554
1908 84.7601 58.2821
1909 85.1707 58.0685
1910 85.1894 58.0744
1911 85.182 58.0725
1912 38.0943 46.8142
1913 71.8117 54.443
1914 71.8117 54.6292
1915 81.8916 59.7712
1916 77.9236 48.3298
1917 79.237 52.1874
1918 80.5503 56.0449
1919 81.221 57.9081
1920 85.3279 58.0323
1921 85.1306 58.1385
1922 82.6267 57.8518
1923 77.9039 57.9377
1924 30.0651 59.2453
1925 31.558 49.6555
1926 78.9906 59.2047
1927 77.9603 58.6877
1928 71.6178 57.7494
1929 36.5999 55.8839
1930 36.4746 55.4631
1931 36.4746 55.4603
1932 36.4746 55.4603
1933 35.6407 56.7963
1934 86.52 57.9579
1935 76.7158 61.809
1936 74.2306 50.2439
1937 44.2504 54.2458
1938 44.1582 55.1694
1939 43.7398 56.1607
1940 43.7398 56.3734
1941 43.7398 54.5436
1942 43.7398 55.7564
1943 44.6907 55.425
1944 44.6907 55.425
1945 44.1575 55.1554
1946 44.6907 55.425
1947 44.6907 55.488
1948 44.6907 55.4892
1949 44.6907 55.488
1950 44.6907 55.488
1951 44.6907 55.488
1952 44.6907 55.488
1953 44.6907 55.4892
1954 44.6907 55.489
1955 44.6907 55.4889
1956 44.6907 55.488
1957 44.6907 55.4891
1958 76.0357 59.0766
1959 3.65711e-12 76
1960 84.1011 62.5042
1961 85.432 63.7116
1962 83.0829 62.3636
1963 44.6907 55.4838
1964 73.3146 57.3672
1965 36.558 55.3341
1966 34.8171 54.7261
1967 36.558 55.326
1968 73.1728 58.4918
1969 75.3626 58.9638
1970 75.5166 58.9262
1971 33.6622 60.3038
1972 33.1374 58.6719
1973 33.3713 63.3836
1974 33.3713 62.1109
1975 75.7992 59.8839
1976 75.9508 60.4915
1977 75.9508 60.1461
1978 75.9423 60.3088
1979 75.9508 60.6194
1980 75.9509 60.3098
1981 85.6232 64.7515
1982 85.992 64.9698
1983 85.8728 64.4859
1984 85.4511 63.9476
1985 85.4327 63.9104
1986 85.5197 63.876
1987 85.4506 63.9615
1988 85.4506 63.9676
1989 85.7691 64.0806
1990 85.7698 64.066
1991 85.125 63.8773
1992 85.1243 63.8779
1993 85.5563 63.9209
1994 85.4512 63.952
1995 85.3439 63.8563
1996 16.5687 60.336
1997 17.8203 61.8982
1998 16.6857 71.5554
1999 85.3424 62.7488
2000 16.6857 79.1918
2001 34.1252 27.1229
2002 86.2154 37.8087
2003 72.3257 57.2588
2004 67.1634 56.83
2005 67.1681 56.9631
2006 67.1681 56.963
2007 21.8699 63.3782
2008 21.8699 34.2718
2009 67.1634 56.8371
2010 21.8699 78.1867
2011 21.8699 73.0803
2012 74.0443 59.9247
2013 74.0441 60.0301
2014 17.4086 48.863
2015 37.9783 60.5134
2016 38.3228 61.6688
2017 26.9903 67.8536
2018 74.6506 57.7505
2019 18.4311 60.7131
2020 81.8337 60.7586
2021 91.3133 50.4259
2022 89.5788 43.1444
2023 94.7894 27.8583
2024 94.7894 30.4307
2025 4.86427e-13 57
2026 89.5788 44.4336
2027 89.6994 59.4943
2028 88.1375 58.4913
2029 85.4727 57.9943
2030 81.1295 56.8989
2031 81.6312 57.0184
2032 79.3517 55.4987
2033 82.554 56.4414
2034 83.4997 58.0481
2035 83.4639 56.6951
2036 88.6635 47.7178
2037 85.4235 61.2279
2038 87.6454 46.9761
2039 78.3331 55.2398
2040 82.6509 55.245
2041 81.0998 55.0971
2042 26.844 79.7607
2043 90.0476 61.7479
2044 78.473 55.179
2045 75.1861 52.3777
2046 85.2207 51.7167
2047 73.2169 50.9846
2048 78.216 55.6198
2049 82.3668 56.5934
2050 82.3616 57.4975
2051 82.6748 53.3137
2052 78.0916 52.8767
2053 78.6393 55.5657
2054 78.3267 55.3278
2055 78.2681 55.0354
2056 77.1441 54.5395
2057 78.7389 55.0059
2058 88.3559 46.2883
2059 91.1006 50.5962
2060 83.9915 45.9609
2061 85.755 58.3808
2062 83.1535 60.5449
2063 85.7592 58.7822
2064 91.7859 41.2332
2065 89.2474 48.1266
2066 78.9419 55.2585
2067 78.3821 55.0077
2068 78.4345 55.0341
2069 79.51 55.4436
2070 78.7314 54.958
2071 78.6718 54.9523
2072 78.7415 55.0417
2073 77.5224 54.6925
2074 78.6283 54.9831
2075 78.862 54.8161
2076 77.7488 54.7859
2077 77.9077 54.8918
2078 79.0515 55.1246
2079 79.274 55.4113
2080 79.7228 56.4728
2081 80.0517 56.4781
2082 79.1015 54.0233
2083 77.4974 54.585
2084 77.3495 54.5709
2085 77.6105 54.3387
2086 77.4759 54.6739
2087 77.6696 54.1887
2088 35.2023 64.5404
2089 35.1844 65.7648
2090 35.1721 64.5402
2091 35.0743 63.0244
2092 35.1862 64.7165
2093 35.3415 63.1671
2094 35.1645 64.5404
2095 35.5124 63.722
2096 35.1789 64.54
2097 35.1844 64.5254
2098 35.2073 64.7342
2099 35.2073 64.7341
2100 34.5973 63.9907
2101 30.994 70.6385
2102 33.1785 62.674
2103 35.3192 63.0444
2104 35.1844 64.5256
2105 35.1645 64.54
2106 35.3192 63.0423
2107 35.3184 63.044
2108 35.3768 64.2473
2109 78.5401 55.2926
2110 78.6601 55.4422
2111 78.6668 55.3555
2112 78.4665 55.2515
2113 78.4808 55.0997
2114 78.4209 55.2433
2115 77.9749 55.5485
2116 77.9749 55.5158
2117 78.1091 55.4763
2118 78.5764 55.4048
2119 77.396 54.3481
2120 78.489 55.3759
2121 78.3171 55.2494
2122 78.3081 55.2823
2123 78.5454 55.4032
2124 78.6255 55.363
2125 78.3211 55.0589
2126 77.9648 54.9673
2127 78.009 55.1373
2128 77.1444 54.5409
2129 77.9223 55.5372
2130 77.6455 54.9524
2131 78.2291 54.9883
2132 78.2954 55.0242
2133 78.3944 55.2702
2134 78.9955 55.7581
2135 78.9057 55.4919
2136 83.4612 58.008
2137 82.4043 56.3138
2138 85.9791 50.6614
2139 78.3463 55.0815
2140 77.3369 55.8504
2141 78.1493 55.3455
2142 35.6209 64.0231
2143 34.887 59.3364
2144 35.0377 63.0843
2145 34.8378 61.6363
2146 35.0621 63.7076
2147 34.9825 63.0841
2148 35.0377 63.0841
2149 35.0377 63.9099
2150 34.6845 63.5816
2151 85.1625 55.3731
2152 76.7927 52.8011
2153 72.7699 50.7576
2154 84.4076 58.5611
2155 84.4841 58.3081
2156 80.9974 66.8305
2157 68.3845 52.9703
2158 80.2298 55.8658
2159 82.7086 57.4206
2160 83.5129 57.0504
2161 20.9334 43.4425
2162 22.4704 44.2652
2163 78.902 56.097
2164 84.6172 55.389
2165 84.6172 55.389
2166 85.6989 53.6265
2167 82.2344 57.3724
2168 81.9302 61.2712
2169 81.1202 57.1952
2170 81.6753 57.1716
2171 82.3179 55.1697
2172 73.4923 50.9874
2173 82.5786 56.4204
2174 31.266 48.3806
2175 65.6994 53.5849
2176 78.4513 55.2469
2177 84.7699 55.8636
2178 85.2604 57.3662
2179 85.6514 55.9714
2180 82.0323 56.0806
2181 82.009 56.0713
2182 83.6307 57.1084
2183 82.6426 56.2379
2184 82.5871 56.2265
2185 82.7361 57.7751
2186 68.3696 52.9097
2187 63.698 51.7945
2188 78.1099 54.6348
2189 78.4697 54.1463
2190 82.3445 56.8415
2191 82.439 56.699
2192 86.1821 45.6798
2193 89.5383 39.3204
2194 88.0145 41.0298
2195 87.7578 42.8619
2196 89.7903 41.0503
2197 89.5847 39.8304
2198 86.8618 48.1564
2199 91.3308 45.3416
2200 92.9369 52.8327
2201 80.0235 56.4627
2202 83.8054 60.4758
2203 79.7908 53.3446
2204 93.5955 47.7699
2205 93.9707 52.8786
2206 93.4482 54.4001
2207 90.1165 56.9118
2208 93.7272 53.3574
2209 84.405 52.6986
2210 84.0547 53.3315
2211 86.0537 58.4005
2212 83.9186 58.2412
2213 83.8487 58.1955
2214 85.3361 57.5597
2215 85.6898 61.028
2216 76.1795 53.0737
2217 77.8678 54.3754
2218 75.6002 54.0634
2219 76.4302 54.3343
2220 76.6551 53.6706
2221 81.4112 57.0012
2222 81.3575 57.0264
2223 80.0974 56.1106
2224 80.7686 55.7953
2225 80.8117 54.1724
2226 78.4859 57.1132
2227 78.459 57.1258
2228 82.4601 55.0008
2229 82.5804 54.8642
2230 83.7216 47.5863
2231 79.7483 56.2745
2232 81.5336 57.5309
2233 75.7696 52.7105
2234 76.692 53.676
2235 26.5498 52.117
2236 26.9227 52.4125
2237 38.0068 55.0173
2238 100 86
2239 26.3078 52.2295
2240 26.3078 52.2295
2241 25.091 53.3104
2242 26.0136 53.4324
2243 25.2218 53.2463
2244 25.1952 53.2252
2245 89.617 40.6229
2246 86.5648 57.5241
2247 86.5648 57.5242
2248 86.5652 57.5236
2249 86.5558 57.5146
2250 86.5655 57.5239
2251 86.5669 57.525
2252 86.5626 57.5237
2253 86.5162 57.4708
2254 86.5316 57.478
2255 86.2567 57.4046
2256 31.8061 49.4425
2257 86.5261 57.5444
2258 86.4917 57.4961
2259 31.8061 49.4425
2260 31.8061 49.4425
2261 31.7652 49.4425
2262 31.5429 49.4425
2263 86.4739 57.758
2264 86.5648 57.5242
2265 86.5648 57.5243
2266 86.5626 57.5237
2267 86.5669 57.5249
2268 86.5491 57.5136
2269 86.5646 57.5239
2270 86.5646 57.5226
2271 86.564 57.5235
