1 28.644502 40.339900
2 17.660634 42.244102
3 22.024068 48.966649
4 15.127221 35.034035
5 11.777632 42.053429
6 22.419437 46.355991
7 36.188333 23.257693
8 18.810924 62.446771
9 18.082510 77.924541
10 21.566374 69.398724
11 15.173501 34.941764
12 26.776846 65.700648
13 28.553451 68.859272
14 18.210989 87.072858
15 2.468051 88.809195
16 52.865394 98.968213
17 9.351468 79.624357
18 19.528815 82.163804
19 16.052439 96.998769
20 77.842660 91.375810
21 22.273701 90.088674
22 60.713745 95.129205
23 22.076015 76.683838
24 25.553189 83.698921
25 2.200437 77.688672
26 22.651031 85.731761
27 9.688724 28.256461
28 31.445362 64.049020
29 7.943396 62.889180
30 6.409650 76.353656
31 69.514210 98.722047
32 52.420293 9.329935
33 23.472417 34.843216
34 61.137757 71.611165
35 24.174242 68.460379
36 5.700732 35.788453
37 34.655643 72.119323
38 30.380914 57.540347
39 16.022006 60.271185
40 17.634269 56.764089
41 22.512425 55.489789
42 26.484250 48.223082
43 31.612348 54.944539
44 31.542432 44.048638
45 49.175506 54.245187
46 53.787217 77.163989
47 26.424928 76.943619
48 26.795212 40.599102
49 33.343872 67.002061
50 28.589122 81.054050
51 29.287847 60.375588
52 32.640806 75.287714
53 46.173805 62.590134
54 57.563625 76.998426
55 41.954015 54.596846
56 24.372338 38.475415
57 33.856597 41.606789
58 82.545073 83.973855
59 83.584579 86.788503
60 35.190512 44.076833
61 29.441207 41.960149
62 27.045505 63.297346
63 45.102872 57.838345
64 27.767276 69.366169
65 19.693363 73.232828
66 52.812554 88.343170
67 47.663570 72.064504
68 24.110563 72.650355
69 41.283724 58.200344
70 53.871185 84.644906
71 16.111796 65.414106
72 43.634637 69.404463
73 53.542175 73.488395
74 13.391247 62.964627
75 34.554012 55.411959
76 26.991992 55.631048
77 47.721244 52.044496
78 27.907592 29.777240
79 13.034062 57.209786
80 5.270930 68.011500
81 5.443343 58.308357
82 15.575661 74.210261
83 6.045379 31.531062
84 5.779930 39.143723
85 14.452102 54.220551
86 30.312920 45.594609
87 18.659206 50.602207
88 19.395941 66.206678
89 6.725551 52.156075
90 13.244321 67.649074
91 10.727098 66.102685
92 4.271728 63.112810
93 5.231766 54.341549
94 11.461455 61.610405
95 8.833462 67.545941
96 1.346674 55.558044
97 7.009706 48.906238
98 14.312336 70.588269
99 9.980778 71.519149
100 0.778637 45.281805
101 22.299439 39.328852
102 12.259218 1.832420
103 52.870038 0.952351
104 6.179774 72.434358
105 14.239653 43.595153
106 28.519441 27.451305
107 30.952134 17.695721
108 33.012166 5.974248
109 30.514625 51.708456
110 17.851044 69.575713
111 19.011955 53.944778
112 14.022016 47.033801
113 9.616491 33.005378
114 9.374784 55.537856
115 54.238651 37.565081
116 52.811729 4.772898
117 53.713271 33.494862
118 31.878402 70.605924
119 52.912155 66.149867
120 19.718250 35.189633
121 73.093319 82.694536
122 66.861033 78.010724
123 62.017905 79.608282
124 58.588459 79.675104
125 32.966682 80.311318
126 38.041416 76.047212
127 30.953199 84.411934
128 69.316224 76.388782
129 36.728391 84.761204
130 44.572398 74.695912
131 47.029399 13.680517
132 39.504748 85.265024
133 65.381757 89.787788
134 59.701883 11.769408
135 56.637988 90.509027
136 72.857482 91.778626
137 69.092861 90.891206
138 82.003106 90.728720
139 48.867132 87.942225
140 21.034574 59.467293
141 56.653765 86.039540
142 40.747228 80.786066
143 70.541569 95.166700
144 45.386497 88.084183
145 56.800165 98.686830
146 15.247594 83.319798
147 23.502644 80.378964
148 63.085021 83.220802
149 63.749927 86.680317
150 24.843768 60.455460
151 29.750673 35.642207
152 70.530738 82.077154
153 42.876274 90.994341
154 41.015397 77.011333
155 39.223054 70.475781
156 40.708793 73.124304
157 59.636464 85.337383
158 42.799432 79.845969
159 43.658169 84.507336
160 17.863150 45.082628
161 40.074225 58.876484
162 64.503018 58.049856
163 70.210829 15.563739
164 69.201972 26.846859
165 69.330532 27.080572
166 77.276747 26.606994
167 71.463776 63.621478
168 98.353487 84.278877
169 28.101562 1.355713
170 38.767847 10.697872
171 39.523203 7.808997
172 67.643431 35.316792
173 78.589437 65.788214
174 64.929995 63.228964
175 65.366990 27.901622
176 18.223307 47.613838
177 20.792743 30.879095
178 16.752368 51.522338
179 64.967240 54.463627
180 62.257221 40.988502
181 62.506262 36.406073
182 58.865487 41.639353
183 33.565187 16.547566
184 34.864733 47.053218
185 15.003494 6.285280
186 11.131711 9.053777
187 8.702548 22.963845
188 5.639076 26.544785
189 4.918178 20.837511
190 6.694901 10.668638
191 11.543951 17.275788
192 1.711123 33.495868
193 18.779070 38.581497
194 13.679586 50.516702
195 21.259216 42.567103
196 24.776824 27.009943
197 20.280649 22.560941
198 41.461987 34.296686
199 30.954261 48.634091
200 4.975371 45.483862
201 11.245307 75.298856
202 52.015898 60.458130
203 41.209362 47.727930
204 43.637549 31.920118
205 44.052546 39.034281
206 26.685834 44.686721
207 37.567366 40.839030
208 47.926411 36.651343
209 57.245076 59.327862
210 42.508344 62.657109
211 36.900041 66.756121
212 33.366839 61.868950
213 51.089909 63.875954
214 57.909487 65.617666
215 39.605315 63.004984
216 49.062280 60.166956
217 51.011595 30.646682
218 36.271953 62.881524
219 55.612206 13.862614
220 61.280209 91.283416
221 48.945018 76.527289
222 22.772267 64.305625
223 16.573036 23.841127
224 58.033196 51.930796
225 39.670243 43.467476
226 43.406534 41.654498
227 44.302379 65.629334
228 45.167894 54.034601
229 48.424154 64.607062
230 51.142324 44.161800
231 49.280608 51.853128
232 48.994538 43.428816
233 38.389077 45.688236
234 52.202637 92.365042
235 63.409069 58.935157
236 66.350330 67.216107
237 62.215732 67.399521
238 62.216215 67.401635
239 55.041398 60.989522
240 71.545313 69.734107
241 85.984297 77.648103
242 71.757519 78.346558
243 66.593624 71.556066
244 67.191106 73.494615
245 57.525292 74.076480
246 80.051059 76.529361
247 59.990396 62.196713
248 45.062777 60.030466
249 18.108590 32.237348
250 73.941074 45.641907
251 56.222363 52.117415
252 66.928022 58.202319
253 53.341821 54.620148
254 55.204096 55.692599
255 58.307550 62.299616
256 62.716320 71.937030
257 79.342812 61.532695
258 74.856807 61.660096
259 80.660837 58.080700
260 81.205812 72.155862
261 85.439352 70.026956
262 86.394955 90.250400
263 91.043242 97.581281
264 74.860529 87.933034
265 79.256334 86.747193
266 76.025783 94.785830
267 75.782929 70.797298
268 81.423121 68.279937
269 70.675065 59.759880
270 71.946524 72.942624
271 73.018890 58.344735
272 68.264545 62.177351
273 75.675883 75.364551
274 61.670602 75.837048
275 62.110595 63.353585
276 70.897493 51.067635
277 67.520966 58.414647
278 66.123862 62.017069
279 84.465323 74.242393
280 40.869573 36.989527
281 63.217836 55.888556
282 65.488343 52.724385
283 45.928452 33.669006
284 29.214898 9.451149
285 46.233825 29.928472
286 64.016823 49.681261
287 59.726869 43.950974
288 57.741975 39.657462
289 38.531884 23.702174
290 69.178006 54.511743
291 59.681974 57.926683
292 56.189120 43.961216
293 46.052841 81.126234
294 54.178346 47.615628
295 66.981033 43.957952
296 48.516841 68.307434
297 74.778926 79.323141
298 77.626943 83.061186
299 55.207236 57.138628
300 76.680474 52.717590
301 71.800481 55.452896
302 87.347340 82.323610
303 64.139685 41.714712
304 60.032164 55.409673
305 62.456517 60.111218
306 77.462589 79.211978
307 91.047848 91.861114
308 70.364739 87.042984
309 44.542088 98.827057
310 17.384282 92.073513
311 13.497830 88.418310
312 47.643502 91.807356
313 36.984481 89.286033
314 39.225627 93.137743
315 26.757879 88.549959
316 6.305070 83.588677
317 28.415330 73.294170
318 48.581707 99.069568
319 56.223325 94.575651
320 41.035679 97.225998
321 26.658215 93.088872
322 31.732248 90.171879
323 39.162187 49.783736
324 51.491936 81.870441
325 33.246670 58.476717
326 46.503701 84.604209
327 49.688953 84.474333
328 49.249754 80.250404
329 50.408823 73.745119
330 35.985725 77.830709
331 33.899967 86.227391
332 41.445945 87.848280
333 45.290856 77.446361
334 37.132825 81.264173
335 41.318148 82.823700
336 59.580461 88.933396
337 51.798460 78.442519
338 64.988097 76.669784
339 43.464727 72.280500
340 29.427351 86.276749
341 30.441168 77.784223
342 30.382913 65.498847
343 51.657171 69.393221
344 57.946312 67.787877
345 56.077229 64.630612
346 56.270616 68.588990
347 36.016182 69.648855
348 24.034038 23.354320
349 16.706636 28.361026
350 27.237962 36.357346
351 1.542277 23.385153
352 3.304196 5.741999
353 22.348312 1.608386
354 24.833269 10.210649
355 37.773878 4.908122
356 86.918874 11.432002
357 81.639209 10.067064
358 91.672370 13.370489
359 80.266162 37.635620
360 55.253102 29.328255
361 63.688992 30.865632
362 58.928969 22.771232
363 75.860667 43.281852
364 1.328404 37.918198
365 60.693756 48.693466
366 57.133899 49.149384
367 56.752857 46.632794
368 53.528369 17.269946
369 23.856620 22.739592
370 60.435879 32.514468
371 20.321679 10.753392
372 2.052656 11.341550
373 17.064427 13.942312
374 12.726254 13.168237
375 23.772953 14.454096
376 25.299085 6.275337
377 73.038459 2.315638
378 94.230063 9.773171
379 91.091416 22.059498
380 95.403512 15.031567
381 70.363168 45.555058
382 63.739715 34.189845
383 64.239217 46.783914
384 61.880833 27.798338
385 71.624958 38.378537
386 2.263660 41.625736
387 60.507505 48.259939
388 57.943279 54.647024
389 52.130370 41.829697
390 65.357559 37.479304
391 42.092396 26.021856
392 26.691261 19.219579
393 1.905344 16.759508
394 20.655274 26.950459
395 1.623824 28.592502
396 12.503443 21.648841
397 8.498016 4.349483
398 17.184150 1.810113
399 98.522325 5.515823
400 95.869604 1.418543
401 90.322760 1.144785
402 86.371046 7.202487
403 86.836798 94.724622
404 56.844284 5.094241
405 79.403230 98.209293
406 74.232316 98.380296
407 65.163687 98.681184
408 96.865178 97.959524
409 59.495198 32.905462
410 51.861650 47.413998
411 75.023713 65.562771
412 73.233597 67.309827
413 70.542840 65.846338
414 44.675481 66.980385
415 53.977716 64.131089
416 71.667581 74.604926
417 42.721087 50.038073
418 35.806278 49.570055
419 30.468845 48.224605
420 46.195379 56.198925
421 86.873925 44.114610
422 87.886980 49.264250
423 92.480257 66.585553
424 80.594414 53.217120
425 79.414748 34.257863
426 85.129249 49.000138
427 87.211789 33.950368
428 70.266785 31.556100
429 66.893015 39.289326
430 90.481205 9.497105
431 28.170157 32.788350
432 86.962398 46.254646
433 88.464854 53.612319
434 94.514074 64.062467
435 78.597883 55.243187
436 84.090163 33.142614
437 87.092269 52.583231
438 84.145982 42.085056
439 73.853429 28.881573
440 81.560130 47.539108
441 99.537302 21.861430
442 30.966692 31.629320
443 82.370183 78.142295
444 82.446951 63.343788
445 99.226241 34.411884
446 83.439297 65.809876
447 84.899107 98.543972
448 95.692160 93.496522
449 91.298477 81.914814
450 78.151809 72.910757
451 53.287717 69.834997
452 60.885229 99.328422
453 93.552619 24.830700
454 99.919852 30.046898
455 74.140241 84.207499
456 44.373616 94.370651
457 44.853986 36.823095
458 68.096150 81.312284
459 37.344145 59.701136
460 77.459426 68.562713
461 67.926673 48.818612
462 55.363720 21.319882
463 2.132562 72.261467
464 51.526982 13.288107
465 13.954617 79.159858
466 77.711402 62.695920
467 90.567246 63.939378
468 99.056505 62.494673
469 80.155526 40.441463
470 76.429105 35.206591
471 95.776657 47.164926
472 62.376897 44.266693
473 87.253775 57.804145
474 72.045987 42.336234
475 84.137699 81.316043
476 67.918181 48.439827
477 72.312308 51.478831
478 80.227590 81.339747
479 98.629093 75.358226
480 84.476726 57.253600
481 91.529832 71.356322
482 94.560211 84.430788
483 54.127173 42.294065
484 79.969060 43.128749
485 54.526264 51.087301
486 68.134309 65.229739
487 89.931167 68.402882
488 90.766795 86.728965
489 81.259905 32.839035
490 98.007954 89.303875
491 74.466632 54.406325
492 95.097095 61.182349
493 98.191391 79.984297
494 94.737898 73.911984
495 89.209158 78.330873
496 76.477349 57.938813
497 93.241119 51.011785
498 78.173733 47.410649
499 74.287218 48.670078
500 76.514881 49.945491
501 79.961727 50.690719
502 83.763385 54.451476
503 94.345822 79.122806
504 86.935026 61.956191
505 64.392959 81.038354
506 87.186180 86.107017
507 94.065538 88.861386
508 68.585912 55.537226
509 81.957622 94.747956
510 99.603697 38.378501
511 91.036762 76.046496
512 99.624294 57.964886
513 87.662364 38.548585
514 90.966786 60.964527
515 91.978575 39.621756
516 99.768536 48.066727
517 93.247583 27.544636
518 99.023386 43.653776
519 75.720130 34.243924
520 73.577419 31.911419
521 70.761455 36.133570
522 88.144199 73.122351
523 91.837462 35.509663
524 91.641481 58.050773
525 98.830070 16.692483
526 98.759462 66.253051
527 92.113045 53.394970
528 90.840372 48.754388
529 98.629520 70.822767
530 97.199131 50.474226
531 69.457843 40.920373
532 37.895548 19.294143
533 37.726384 14.598419
534 61.121218 1.226960
535 79.523505 14.217375
536 98.332452 10.931934
537 20.372795 6.118915
538 56.297818 0.740551
539 80.389550 1.601881
540 34.475138 9.307279
541 44.258749 0.353682
542 49.388616 1.089413
543 32.043497 23.918458
544 27.650964 23.679974
545 63.733170 12.218430
546 67.252308 31.489399
547 66.433768 21.616277
548 29.994860 5.404152
549 56.085746 8.885594
550 67.466356 13.203651
551 42.305618 15.913838
552 48.310087 10.561069
553 44.122829 9.180705
554 78.740521 5.909487
555 97.853467 25.553320
556 95.693037 33.896415
557 94.524977 42.566093
558 94.471730 55.539985
559 74.551272 6.413235
560 96.521891 29.652278
561 88.113946 30.001246
562 92.357057 30.631321
563 83.885592 36.558985
564 94.243018 5.626525
565 77.013792 30.741968
566 42.475762 28.624813
567 24.605448 42.729087
568 24.979893 19.091365
569 52.331742 56.966688
570 36.924793 37.074784
571 12.106112 32.550153
572 50.606974 32.589504
573 50.688000 39.099982
574 36.721772 32.389235
575 49.834058 28.831790
576 30.831841 38.864467
577 49.734823 48.005998
578 21.272936 18.307831
579 64.526447 16.238061
580 39.032599 1.346461
581 24.521983 31.096754
582 33.066304 13.241945
583 59.338818 26.036231
584 61.607756 38.318683
585 69.857724 0.836359
586 42.617830 20.299473
587 47.476614 21.623846
588 60.091915 15.223646
589 59.518975 18.927791
590 46.322025 18.189356
591 64.658356 24.958725
592 68.218406 18.269166
593 55.723317 17.411538
594 42.774133 12.321277
595 58.183430 35.667259
596 74.005904 14.672474
597 82.597479 20.523177
598 76.104895 17.245306
599 78.059770 22.425894
600 55.179689 81.038630
601 90.090037 5.151283
602 85.788020 24.807564
603 84.242554 29.162631
604 89.319433 26.163816
605 1.537487 66.811384
606 45.712591 15.836739
607 55.674508 21.165808
608 51.761726 22.082031
609 54.927196 38.550939
610 45.480850 27.467048
611 29.456740 19.888161
612 57.885587 70.862478
613 40.384459 67.114571
614 12.821206 26.294050
615 31.890959 28.235612
616 52.517437 24.668006
617 58.651167 30.014949
618 79.564783 18.745902
619 34.150145 19.986655
620 49.954945 16.646640
621 69.504650 22.529524
622 71.861818 19.506845
623 75.073772 20.447239
624 79.990997 29.447492
625 67.461056 84.971071
626 26.254935 51.681607
627 53.069112 28.441263
628 52.658033 36.782519
629 35.762000 27.218936
630 49.823528 34.544234
631 62.459113 22.309756
632 55.037203 33.227747
633 40.232583 31.703955
634 51.357026 19.866584
635 48.982399 25.394699
636 47.340222 39.759660
637 39.003288 28.062395
638 45.010738 24.528045
639 65.229248 5.398064
640 59.241734 47.323409
641 25.694757 57.863501
642 20.938202 14.300160
643 30.184344 10.985421
644 55.947884 11.529563
645 69.007384 7.563073
646 84.050863 11.364016
647 16.391726 9.961236
648 46.901320 8.662591
649 68.272971 3.164015
650 81.640623 7.192166
651 26.070204 3.739850
652 34.955891 4.787786
653 59.304353 8.393144
654 88.333436 16.170886
655 88.117784 14.617212
656 88.663558 36.664867
657 89.642119 55.618534
658 37.325261 35.558975
659 10.297163 37.404906
660 73.571756 24.480828
661 65.583506 94.181974
662 6.963302 15.858343
663 16.556542 18.578848
664 33.375777 1.304386
665 76.619672 10.404278
666 84.048796 15.808583
667 28.163112 14.614667
668 43.167935 4.957090
669 71.490299 10.711541
670 87.044603 20.343948
671 81.441346 25.020668
672 95.527794 20.407437
673 75.846211 39.199723
674 7.856221 89.096937
675 28.653791 98.526717
676 37.139000 73.117324
677 33.238221 81.913983
678 40.269813 18.142873
679 61.026264 5.094133
680 62.301624 8.579977
681 76.193332 1.508082
682 83.643753 4.728741
683 70.246474 5.773442
684 66.509655 9.367116
685 65.487523 1.310006
686 97.208369 57.897377
687 98.556182 53.328303
688 87.000664 66.093940
689 95.514650 68.601187
690 32.963755 34.741720
691 58.981496 82.080095
692 41.569506 23.515575
693 55.754454 25.432354
694 63.620520 19.163145
695 50.033008 6.687040
696 97.668538 40.068035
697 91.538267 17.837618
698 14.847484 38.940238
699 47.412456 44.583113
700 77.802837 45.464257
701 71.833331 48.041783
702 90.473571 32.492018
703 83.582359 51.039070
704 83.735408 60.320616
705 83.122797 45.357325
706 92.782387 45.896468
707 90.585264 44.667312
708 84.552073 39.484762
709 85.487750 1.452644
710 72.223121 34.845415
711 46.227244 43.307373
712 44.397565 51.345821
713 95.222450 38.048540
714 34.576071 30.613542
715 68.307191 68.761398
716 34.257139 38.573098
717 47.639924 4.988865
718 89.120132 41.555114
719 51.555448 95.759075
720 37.605658 98.506223
721 33.327582 98.392768
722 21.882863 94.580893
723 10.829516 97.949616
724 30.514906 94.921463
725 34.992900 93.800857
726 24.327804 98.251365
727 5.735559 94.869825
728 11.797536 93.100419
729 10.936212 84.222049
730 1.860551 82.891751
731 9.428102 58.697040
732 1.092468 60.572241
733 22.650248 51.654690
734 34.157582 51.530458
735 37.242417 53.784758
736 61.769464 52.563960
737 52.085436 51.862281
738 49.691151 56.604540
739 36.764865 57.532963
740 42.902609 45.501438
741 46.143055 48.171926
742 10.147556 46.835133
743 29.334496 52.412045
744 40.290434 53.611018
745 1.931117 50.236791
746 7.959146 42.640598
747 40.826341 40.219264
748 14.164211 30.662711
749 10.481472 51.994610
750 67.761771 51.833467
751 48.196295 95.592041
752 19.647745 98.515017