1 57.5835 5.71061
2 57.724 5.88723
3 56.8806 5.51898
4 56.2255 5.03529
5 55.6801 4.79038
6 55.4525 4.64776
7 55.3854 4.57594
8 19.675 2.4898
9 55.2023 4.47264
10 55.3196 4.51322
11 55.3094 4.50388
12 19.099 2.36107
13 18.2169 2.3703
14 17.0835 2.29676
15 16.1379 2.23957
16 15.4064 2.3649
17 58.1324 6.37268
18 57.393 5.79786
19 56.6872 5.19146
20 56.1191 4.86681
21 55.6174 4.70232
22 55.4132 4.59905
23 55.2616 4.51076
24 19.6686 2.49003
25 55.3033 4.50267
26 55.3223 4.50898
27 55.1839 4.4526
28 19.7044 2.41075
29 17.7979 2.34125
30 16.8695 2.28233
31 16.0052 2.23502
32 15.4241 2.36831
33 57.8767 6.36139
34 57.2451 5.53911
35 56.6071 5.04928
36 56.0698 4.78336
37 55.578 4.64804
38 55.367 4.5546
39 55.2843 4.49974
40 20.3219 2.54133
41 55.2912 4.48056
42 55.2865 4.47851
43 55.1691 4.44847
44 19.4517 2.39075
45 17.6807 2.33277
46 16.8134 2.27899
47 15.9698 2.23157
48 15.4207 2.36826
49 57.8983 6.56692
50 57.2513 5.62138
51 56.61 5.09977
52 56.0706 4.81753
53 55.5727 4.67223
54 55.3648 4.57653
55 55.303 4.5292
56 20.9795 2.59395
57 55.2791 4.4963
58 55.2707 4.49564
59 55.1577 4.47782
60 19.5426 2.39808
61 17.7479 2.33854
62 16.8633 2.28367
63 16.01 2.23531
64 15.4567 2.37195
65 57.8748 6.65027
66 57.2385 5.66203
67 56.601 5.12449
68 56.0618 4.83334
69 55.5662 4.68459
70 55.3648 4.58983
71 55.3029 4.54266
72 20.9806 2.5947
73 55.2665 4.5041
74 55.2604 4.50638
75 55.1511 4.49133
76 19.5671 2.40049
77 17.7573 2.33993
78 16.8606 2.28407
79 16.0094 2.23558
80 15.4519 2.37277
81 57.8331 6.67967
82 57.2137 5.67773
83 56.5845 5.13382
84 56.0508 4.83987
85 55.5603 4.69089
86 55.3593 4.59583
87 55.2949 4.54737
88 20.9789 2.59521
89 55.2569 4.50889
90 55.2514 4.51223
91 55.1432 4.49687
92 19.5638 2.40106
93 17.7392 2.33934
94 16.8533 2.28444
95 16.0057 2.23594
96 15.4453 2.37411
97 57.7807 6.68989
98 57.183 5.6835
99 56.5659 5.13761
100 56.0393 4.8432
101 55.5512 4.69404
102 55.35 4.59848
103 55.2853 4.54993
104 20.9749 2.59596
105 55.2459 4.51302
106 55.2407 4.51551
107 55.1297 4.49959
108 19.5173 2.39877
109 17.7212 2.33974
110 16.8435 2.28522
111 15.9994 2.23657
112 15.4341 2.37659
113 57.7219 6.69375
114 57.1496 5.68607
115 56.546 5.13982
116 56.0249 4.84539
117 55.5387 4.69628
118 55.3382 4.60111
119 55.2736 4.55347
120 21.1729 2.61489
121 55.2324 4.5164
122 55.2226 4.51821
123 55.0937 4.50155
124 19.4938 2.40047
125 17.715 2.34242
126 16.844 2.28791
127 16.0029 2.23895
128 15.426 2.38214
129 57.6601 6.69658
130 57.115 5.68875
131 56.5225 5.14265
132 56.0065 4.84874
133 55.5225 4.70068
134 55.3222 4.60705
135 55.2562 4.56141
136 21.038 2.61059
137 55.2115 4.52083
138 55.1824 4.52311
139 55.0362 4.51235
140 19.4565 2.40353
141 17.6911 2.34566
142 16.8246 2.29106
143 15.9863 2.2414
144 15.3922 2.39053
145 57.6139 6.6999
146 57.091 5.6926
147 56.5097 5.14743
148 55.9986 4.85561
149 55.5154 4.71066
150 55.3131 4.62027
151 55.2451 4.57277
152 20.7692 2.60043
153 55.1908 4.52916
154 55.1355 4.53577
155 55.2582 4.51578
156 19.4129 2.40962
157 17.6558 2.35186
158 16.7916 2.29679
159 15.9596 2.24597
160 15.3546 2.40737
161 57.5488 6.70587
162 57.0487 5.70098
163 56.4779 5.15892
164 55.969 4.87333
165 55.4819 4.7357
166 55.2771 4.64227
167 55.2066 4.58917
168 20.5693 2.60512
169 55.135 4.54807
170 55.0544 4.55614
171 55.2402 4.52214
172 19.3648 2.42275
173 17.6092 2.36447
174 16.7537 2.30886
175 15.9349 2.25606
176 15.3238 2.44153
177 57.4904 6.71455
178 57.0124 5.71952
179 56.4472 5.18611
180 55.9301 4.91735
181 55.4381 4.77532
182 55.2372 4.67234
183 55.1543 4.61335
184 20.3945 2.63109
185 55.0597 4.57871
186 55.2653 4.54027
187 55.2331 4.53115
188 19.2866 2.44719
189 17.5454 2.38873
190 16.7145 2.3328
191 15.9099 2.2756
192 15.2869 2.49962
193 57.426 6.72886
194 56.9606 5.77451
195 56.3774 5.26015
196 55.8502 4.9823
197 55.3728 4.8278
198 55.1698 4.71431
199 55.082 4.65566
200 20.2759 2.68568
201 55.251 4.54623
202 55.2536 4.55334
203 55.2204 4.5453
204 19.1736 2.49291
205 17.4825 2.43602
206 16.679 2.37779
207 15.8848 2.30977
208 15.2369 2.5903
209 57.4522 6.82617
210 56.9222 6.01605
211 56.2934 5.35076
212 55.7941 5.03445
213 55.3133 4.88953
214 55.3188 4.61884
215 55.2755 4.58756
216 20.2144 2.81123
217 55.2577 4.56213
218 55.2607 4.57016
219 20.3685 3.14473
220 19.147 2.61347
221 17.5768 2.55821
222 16.8214 2.49016
223 16.0668 2.40462
224 15.4042 2.74124
225 57.3628 6.72532
226 57.1512 5.17075
227 56.5737 4.85747
228 56.052 4.67948
229 55.5552 4.58941
230 55.3607 4.52346
231 55.3174 4.49218
232 20.0371 3.03328
233 55.2996 4.46675
234 55.3043 4.47097
235 19.4576 3.55301
236 18.9944 2.82071
237 17.456 2.74356
238 16.7112 2.6425
239 15.966 2.52223
240 15.2355 2.92533
241 57.7367 5.70821
242 57.2551 5.14552
243 56.6545 4.81972
244 56.1119 4.63461
245 55.5953 4.54093
246 55.393 4.47234
247 55.348 4.43982
248 19.8563 3.64967
249 55.3295 4.41337
250 20.2532 4.75718
251 19.0268 4.76093
252 18.8823 3.41063
253 17.423 3.25699
254 16.718 3.07431
255 16.0014 2.90395
256 15.2307 3.28221
257 68.3644 17.9489
258 62.6555 14.1478
259 63.0508 12.8231
260 62.9146 12.6613
261 62.3069 16.9475
262 59.4026 10.9194
263 59.7008 11.2216
264 59.53 11.1286
265 58.8624 10.8076
266 57.5316 7.7645
267 57.6937 7.9212
268 57.5398 7.86914
269 57.0903 7.69938
270 56.4605 6.16067
271 56.5567 6.24229
272 56.4103 6.21681
273 56.1555 6.12428
274 55.7961 5.34025
275 55.8563 5.38895
276 55.8013 5.37077
277 55.6682 5.30975
278 55.3536 4.86133
279 55.4783 4.92338
280 55.4691 4.91568
281 53.5912 4.18995
282 54.0028 4.18658
283 54.2852 4.29576
284 52.5313 3.62211
285 53.0433 3.89325
286 51.4994 3.62693
287 51.5142 3.33673
288 53.2483 3.99761
289 54.6007 4.44114
290 54.9401 4.46981
291 54.948 4.47121
292 54.9535 4.47472
293 54.9073 4.47765
294 54.9299 4.42385
295 55.0531 4.47016
296 55.0489 4.46846
297 53.1376 3.72892
298 53.3345 3.92264
299 53.8853 4.03472
300 52.1574 3.33754
301 29.2522 3.17966
302 23.7357 2.74692
303 24.2308 2.77911
304 23.7349 2.76563
305 22.5808 2.7001
306 19.8669 2.49957
307 20.0819 2.51364
308 19.8438 2.49881
309 19.2408 2.46291
310 17.8383 2.3648
311 17.9829 2.37002
312 17.739 2.35576
313 17.2533 2.38683
314 16.413 2.3166
315 16.5572 2.31282
316 16.3576 2.35611
317 73.7287 41.8532
318 63.7897 19.6929
319 65.9995 24.3007
320 62.4963 15.9349
321 62.1603 15.1718
322 66.6084 26.1645
323 63.9831 19.7218
324 64.1089 23.2959
325 59.7863 12.4952
326 60.7615 14.8084
327 59.2625 10.8483
328 59.1169 10.4793
329 60.9192 15.5329
330 59.8882 12.5943
331 59.6341 13.9958
332 57.7003 8.55737
333 58.1413 9.72164
334 57.4788 7.72674
335 57.4139 7.5409
336 58.1416 10.0842
337 57.7518 8.60663
338 57.478 9.30631
339 56.5485 6.55822
340 56.7645 7.14663
341 56.4531 6.13874
342 56.4221 6.04484
343 56.7273 7.3296
344 56.5784 6.58323
345 56.3308 6.92418
346 55.7987 5.52695
347 55.9325 5.83005
348 55.772 5.32443
349 55.7547 5.27686
350 55.9326 5.9203
351 55.8286 5.54462
352 54.9308 5.40322
353 55.0924 4.86107
354 55.0989 4.98949
355 55.2298 4.81213
356 55.2371 4.79414
357 54.5381 4.81808
358 55.1428 4.88157
359 54.3183 4.7041
360 54.5678 4.47782
361 54.5097 4.51715
362 54.5933 4.41829
363 54.6016 4.41016
364 53.9764 4.35839
365 54.5597 4.46838
366 53.7797 4.44859
367 51.5207 3.81958
368 51.9207 3.88489
369 51.2352 3.46818
370 35.161 3.70518
371 53.3004 4.23644
372 51.1471 3.80322
373 54.113 4.45232
374 54.7701 4.4564
375 54.6467 4.45899
376 54.9178 4.46651
377 54.9411 4.4668
378 54.5968 4.46212
379 54.786 4.46073
380 53.7859 4.13174
381 54.5152 4.30681
382 54.4205 4.28449
383 54.7949 4.37508
384 54.8225 4.38172
385 53.8129 4.05582
386 54.5861 4.32434
387 52.478 3.90464
388 52.9407 4.15438
389 53.0693 4.08728
390 53.6348 4.15518
391 53.6605 4.16312
392 39.6261 3.96907
393 53.2235 4.13493
394 33.645 3.52902
395 24.8724 2.8343
396 26.7888 2.98489
397 23.6377 2.7333
398 23.3396 2.70965
399 27.0327 3.02114
400 25.0003 2.84295
401 25.1011 2.89407
402 20.5013 2.55026
403 21.5045 2.62424
404 19.8492 2.49878
405 19.6929 2.48705
406 21.6144 2.63575
407 20.5662 2.55385
408 20.5418 2.59207
409 18.1602 2.40136
410 18.6917 2.44137
411 17.8558 2.36999
412 17.7754 2.36344
413 18.6518 2.46009
414 18.2091 2.40206
415 17.6704 2.44274
416 16.5035 2.32934
417 16.7837 2.34938
418 16.4012 2.30406
419 16.336 2.29341
420 16.5327 2.38013
421 16.5598 2.32139
422 73.0097 45.1407
423 63.8562 22.1325
424 65.9383 27.0774
425 62.7938 18.6711
426 62.4863 17.8857
427 66.9916 30.1897
428 64.0936 22.3652
429 63.7444 24.9837
430 59.781 13.491
431 60.691 15.9739
432 59.3442 11.7974
433 59.2115 11.4057
434 61.0532 17.4902
435 59.8945 13.6236
436 59.513 14.8558
437 57.6981 9.06344
438 58.1219 10.3147
439 57.5175 8.20946
440 57.457 8.01201
441 58.2297 11.0752
442 57.759 9.13005
443 57.3772 9.7373
444 56.523 6.80909
445 56.7309 7.44336
446 56.4612 6.38212
447 56.4331 6.28238
448 56.7437 7.82352
449 56.5623 6.84494
450 55.923 7.01071
451 55.654 5.60966
452 55.7394 5.91846
453 55.6892 5.41995
454 55.6812 5.37247
455 55.5026 6.00786
456 55.6915 5.63353
457 55.1763 5.64401
458 55.1623 4.97499
459 55.1798 5.1199
460 55.1999 4.87743
461 55.2 4.85464
462 54.8856 5.1077
463 55.1807 4.98318
464 54.6637 4.98514
465 54.7956 4.65227
466 54.785 4.72007
467 54.8642 4.59196
468 54.8694 4.58043
469 54.413 4.69533
470 54.8167 4.65092
471 53.4511 4.52955
472 51.3257 4.01792
473 51.4233 4.05718
474 35.4897 3.74216
475 35.4897 3.74216
476 52.9633 4.33326
477 50.9163 3.93909
478 53.5944 4.30794
479 54.5118 4.4049
480 54.3457 4.39083
481 54.7348 4.43801
482 54.7675 4.44161
483 53.964 4.28153
484 54.5417 4.41245
485 53.4388 4.20523
486 54.2948 4.32929
487 54.1639 4.30735
488 54.569 4.36088
489 54.6006 4.36532
490 53.4039 4.14639
491 54.3531 4.33399
492 52.4184 4.07306
493 52.8558 4.26951
494 52.9681 4.22118
495 53.4866 4.28233
496 53.5105 4.28877
497 41.8225 4.14783
498 53.1114 4.25982
499 34.6937 3.61451
500 25.5617 2.89017
501 27.5685 3.04775
502 24.3089 2.78642
503 23.9991 2.76177
504 28.4522 3.13292
505 25.7097 2.8999
506 25.7326 2.95944
507 20.8645 2.58633
508 21.944 2.66734
509 20.2233 2.53244
510 20.0585 2.51974
511 22.3796 2.71261
512 20.9557 2.59113
513 20.7251 2.62167
514 18.2635 2.41817
515 18.8352 2.4627
516 18.01 2.38975
517 17.9279 2.38284
518 18.8863 2.49419
519 18.3422 2.42124
520 17.4755 2.43094
521 16.4649 2.325
522 16.7199 2.34752
523 16.4163 2.30839
524 16.3835 2.30476
525 16.4537 2.37473
526 16.5227 2.32576
527 71.2465 46.0984
528 63.3006 22.998
529 65.1443 28.0499
530 62.4777 19.7615
531 62.2124 18.9768
532 66.0972 31.36
533 63.5524 23.3416
534 63.0423 25.5006
535 59.5236 13.8906
536 60.3531 16.4319
537 59.1948 12.2703
538 59.0779 11.876
539 60.693 18.0824
540 59.6515 14.0662
541 59.0807 15.1208
542 57.5418 9.2657
543 57.9149 10.5481
544 57.4263 8.45073
545 57.3756 8.25192
546 57.9999 11.3746
547 57.6107 9.35525
548 57.0048 9.81695
549 56.3851 6.89344
550 56.5485 7.53622
551 56.3746 6.49323
552 56.3548 6.39407
553 56.4376 7.90703
554 56.4295 6.94124
555 55.9198 7.13454
556 55.6385 5.68289
557 55.7154 6.00138
558 55.6413 5.48232
559 55.6324 5.43305
560 55.5782 6.15381
561 55.6621 5.70577
562 55.2863 5.78558
563 55.2134 5.05763
564 55.245 5.21602
565 55.2459 4.95343
566 55.2441 4.92866
567 55.0545 5.27611
568 55.2342 5.06744
569 54.5131 5.04425
570 54.7642 4.70847
571 54.7479 4.78474
572 54.9052 4.66921
573 54.9154 4.65793
574 54.2428 4.76076
575 54.8092 4.71705
576 53.2074 4.47668
577 51.2054 3.99217
578 51.3131 4.03572
579 35.4903 3.74854
580 35.4903 3.74854
581 52.6691 4.25893
582 50.8395 3.92547
583 53.4066 4.34482
584 54.3799 4.41881
585 54.1966 4.40426
586 54.5973 4.43366
587 54.6317 4.43625
588 53.7418 4.32295
589 54.4027 4.41977
590 53.3704 4.29402
591 54.2168 4.377
592 54.0812 4.36085
593 54.471 4.39411
594 54.5019 4.39701
595 53.3352 4.24803
596 54.2666 4.37829
597 52.3581 4.14677
598 52.8229 4.31592
599 52.9245 4.27923
600 53.4447 4.34043
601 53.4694 4.34619
602 42.3469 4.19513
603 53.0723 4.31378
604 34.9737 3.65071
605 25.7649 2.9133
606 27.8253 3.07593
607 24.6021 2.81373
608 24.2913 2.78874
609 28.8237 3.17448
610 25.9605 2.92599
611 25.7789 2.97759
612 20.8602 2.59415
613 21.993 2.68039
614 20.3276 2.54697
615 20.163 2.53405
616 22.4547 2.73114
617 21.0054 2.60286
618 20.1832 2.58656
619 18.1409 2.41539
620 18.6243 2.45272
621 17.9554 2.39113
622 17.8876 2.38531
623 18.5999 2.47763
624 18.2176 2.41781
625 17.4408 2.44017
626 16.4439 2.32758
627 16.6952 2.35112
628 16.3952 2.30885
629 16.3628 2.30498
630 16.4472 2.3799
631 16.5006 2.32789
632 69.585 46.402
633 62.5755 23.29
634 64.2301 28.3766
635 61.9266 20.1402
636 61.6938 19.3564
637 65.0676 31.7309
638 62.8331 23.6743
639 62.034 25.6692
640 59.1176 14.0343
641 59.8235 16.5959
642 58.8956 12.451
643 58.7995 12.0565
644 60.0774 18.2748
645 59.2468 14.2289
646 58.5075 15.1858
647 57.309 9.33219
648 57.6116 10.6221
649 57.252 8.53885
650 57.213 8.34043
651 57.6071 11.445
652 57.3779 9.43158
653 56.7941 9.88621
654 56.2901 6.94107
655 56.4237 7.58976
656 56.2834 6.54107
657 56.2673 6.44123
658 56.3347 7.98727
659 56.327 6.99068
660 55.8755 7.20915
661 55.6167 5.72969
662 55.6892 6.05493
663 55.6241 5.52706
664 55.616 5.47687
665 55.5928 6.24147
666 55.6406 5.75383
667 55.1719 5.82581
668 55.1707 5.09104
669 55.1944 5.25363
670 55.2347 4.99331
671 55.2357 4.96844
672 54.9519 5.32036
673 55.2002 5.10437
674 54.3701 5.03637
675 54.6937 4.72033
676 54.6664 4.79456
677 54.858 4.69005
678 54.8709 4.67954
679 54.0904 4.74446
680 54.7437 4.73148
681 53.1009 4.50581
682 51.1574 4.00687
683 51.2666 4.05086
684 35.4894 3.75365
685 35.4894 3.75365
686 52.555 4.28583
687 50.808 3.93713
688 53.3428 4.40384
689 54.3104 4.45506
690 54.1285 4.44178
691 54.5275 4.45655
692 54.5616 4.4582
693 53.6745 4.38431
694 54.3335 4.45168
695 53.2535 4.37914
696 54.1514 4.41671
697 54.0051 4.4113
698 54.4143 4.42966
699 54.447 4.43106
700 53.2543 4.31421
701 54.2012 4.41969
702 52.304 4.183
703 52.7766 4.33814
704 52.8811 4.30632
705 53.4122 4.36565
706 53.4373 4.37101
707 42.4868 4.2197
708 53.0317 4.33849
709 34.9533 3.66938
710 25.5727 2.9091
711 27.7425 3.08169
712 24.5826 2.8199
713 24.2691 2.79435
714 28.7683 3.18536
715 25.8615 2.92838
716 24.4876 2.88736
717 20.5157 2.57847
718 21.4376 2.6467
719 20.105 2.53705
720 19.9724 2.52659
721 21.7289 2.68413
722 20.6419 2.58392
723 20.0769 2.60764
724 18.0668 2.42291
725 18.5425 2.46247
726 17.8842 2.39472
727 17.8175 2.38841
728 18.5282 2.49024
729 18.1423 2.4246
730 17.3398 2.44954
731 16.4087 2.33252
732 16.6452 2.35667
733 16.3684 2.31217
734 16.3382 2.30813
735 16.4001 2.38494
736 16.464 2.33244
737 67.4606 46.5019
738 61.6892 23.3874
739 63.0803 28.4856
740 61.2338 20.2674
741 61.0434 19.4841
742 63.7279 31.8528
743 61.9376 23.7857
744 60.9446 25.7168
745 58.6569 14.082
746 59.227 16.649
747 58.5274 12.5136
748 58.4528 12.1194
749 59.3697 18.3282
750 58.7789 14.2835
751 57.9985 15.2271
752 57.0895 9.36377
753 57.326 10.6573
754 57.0653 8.57303
755 57.036 8.37435
756 57.294 11.4924
757 57.1505 9.46513
758 56.5897 9.92808
759 56.1933 6.9698
760 56.304 7.62169
761 56.2036 6.56887
762 56.1912 6.46859
763 56.2195 8.03567
764 56.2295 7.02003
765 55.7201 7.23818
766 55.5484 5.75386
767 55.606 6.08069
768 55.5793 5.55199
769 55.5744 5.50166
770 55.4801 6.27262
771 55.5762 5.77874
772 55.0456 5.83827
773 55.1058 5.10896
774 55.1193 5.26997
775 55.1873 5.01094
776 55.1905 4.98623
777 54.8405 5.32787
778 55.1385 5.12172
779 54.2739 5.07244
780 54.6326 4.74703
781 54.5992 4.82008
782 54.8062 4.7066
783 54.8204 4.69563
784 54.0025 4.77509
785 54.684 4.75424
786 53.036 4.56504
787 51.134 4.03332
788 51.2404 4.07951
789 35.4874 3.76156
790 35.4874 3.76156
791 52.5043 4.33406
792 50.7915 3.95813
793 53.1202 4.54584
794 54.2154 4.50773
795 54.0071 4.51415
796 54.4543 4.49715
797 54.4929 4.49577
798 53.5297 4.47757
799 54.2384 4.50588
800 53.1601 4.42435
801 54.06 4.44453
802 53.9239 4.44296
803 54.3523 4.45513
804 54.3855 4.45594
805 53.1747 4.35063
806 54.1231 4.44781
807 52.1573 4.21329
808 52.6139 4.35363
809 52.7499 4.32555
810 53.3239 4.38045
811 53.3497 4.38533
812 42.4766 4.23992
813 52.9045 4.35484
814 32.0038 3.45147
815 24.7624 2.86502
816 26.443 2.99477
817 24.0134 2.78695
818 23.7716 2.76709
819 27.0846 3.06795
820 24.9923 2.87563
821 24.2987 2.93393
822 20.3476 2.5926
823 21.2607 2.66597
824 19.9283 2.54128
825 19.7962 2.52963
826 21.5744 2.71139
827 20.4681 2.59607
828 19.824 2.62869
829 17.9689 2.43573
830 18.4104 2.47596
831 17.807 2.40329
832 17.7456 2.39665
833 18.3776 2.50465
834 18.0416 2.43611
835 17.2585 2.4699
836 16.3706 2.34253
837 16.5979 2.36826
838 16.337 2.31887
839 16.3083 2.31445
840 16.3582 2.39551
841 16.4256 2.34174
842 65.2882 46.5317
843 60.7591 23.4195
844 61.8775 28.5208
845 60.4749 20.3096
846 60.3266 19.5265
847 62.3306 31.8893
848 60.9877 23.8222
849 59.883 25.7421
850 58.2045 14.1035
851 58.637 16.6723
852 58.1484 12.5374
853 58.0943 12.1431
854 58.6953 18.3576
855 58.3119 14.3063
856 57.5456 15.2525
857 56.8762 9.38353
858 57.0611 10.6781
859 56.8879 8.59159
860 56.8669 8.3927
861 57.0038 11.5214
862 56.9347 9.48478
863 56.3099 9.95154
864 56.0671 6.99101
865 56.1469 7.64241
866 56.1063 6.58705
867 56.0992 6.48666
868 56.0324 8.06025
869 56.1044 7.04002
870 55.5471 7.26333
871 55.4609 5.77988
872 55.5029 6.10387
873 55.5122 5.57087
874 55.5103 5.52046
875 55.3512 6.29383
876 55.4914 5.8014
877 54.9239 5.89032
878 55.0318 5.14989
879 55.0385 5.30799
880 55.1298 5.03566
881 55.1348 5.01034
882 54.7432 5.37088
883 55.0684 5.15607
884 54.1715 5.16206
885 54.556 4.81001
886 54.5231 4.88123
887 54.7501 4.74488
888 54.7654 4.73267
889 53.9212 4.8457
890 54.6149 4.80797
891 52.8281 4.83048
892 40.2105 4.20729
893 51.4141 4.51889
894 37.4288 3.94238
895 38.3319 4.02017
896 51.9828 4.52787
897 42.8475 4.40914
898 52.9827 4.61554
899 54.1035 4.54905
900 53.8993 4.56113
901 54.3726 4.53299
902 54.4124 4.53062
903 53.4154 4.52965
904 54.1384 4.54693
905 52.9164 4.47077
906 53.8155 4.4783
907 53.7179 4.47671
908 54.2127 4.4795
909 54.2475 4.47976
910 52.9631 4.38745
911 53.927 4.47826
912 41.0019 4.15513
913 52.1345 4.37875
914 51.8541 4.32289
915 52.9442 4.39103
916 53.0248 4.39832
917 41.0019 4.15215
918 52.3378 4.36665
919 31.7547 3.55685
920 24.4265 2.89264
921 26.1163 3.03539
922 23.6385 2.79271
923 23.3933 2.77004
924 26.8266 3.12781
925 24.6454 2.89936
926 23.7546 2.9734
927 20.1347 2.61755
928 20.9758 2.69185
929 19.7631 2.55804
930 19.6423 2.5458
931 21.2378 2.73988
932 20.2509 2.6184
933 19.6368 2.67593
934 17.868 2.46131
935 18.2947 2.50431
936 17.7293 2.42045
937 17.671 2.41299
938 18.2544 2.53571
939 17.9445 2.45953
940 17.1382 2.50912
941 16.3114 2.36125
942 16.5292 2.39048
943 16.2969 2.33201
944 16.2705 2.32685
945 16.2946 2.41565
946 16.3704 2.35952
947 63.1303 46.5463
948 59.8488 23.4335
949 60.6841 28.5356
950 59.7115 20.3255
951 59.6051 19.5425
952 60.954 31.9073
953 60.046 23.8372
954 58.9744 25.7583
955 57.7773 14.1193
956 58.1054 16.6875
957 57.7911 12.5512
958 57.7533 12.1568
959 58.0991 18.3767
960 57.8787 14.3212
961 57.0015 15.2734
962 56.635 9.40547
963 56.7557 10.6976
964 56.6947 8.60757
965 56.684 8.40863
966 56.6488 11.5435
967 56.6916 9.5039
968 56.0096 9.98747
969 55.9215 7.02881
970 55.9707 7.67451
971 55.991 6.61063
972 55.9893 6.51006
973 55.8261 8.0932
974 55.9605 7.07113
975 55.3544 7.34092
976 55.3498 5.84693
977 55.3798 6.16356
978 55.4285 5.60996
979 55.4296 5.55877
980 55.2094 6.35939
981 55.3864 5.85642
982 54.7606 6.03476
983 54.9172 5.25388
984 54.9236 5.40761
985 55.0505 5.09779
986 55.0576 5.07053
987 54.6164 5.48357
988 54.9661 5.24401
989 53.9096 5.47503
990 54.4041 4.94883
991 54.3601 5.05038
992 54.649 4.83804
993 54.6686 4.81958
994 53.7139 5.08478
995 54.4776 4.93959
996 52.5833 4.9818
997 38.3945 4.14491
998 51.2917 4.56336
999 37.0496 3.97893
1000 35.6052 3.86013
1001 51.8553 4.58075
1002 41.3332 4.35892
1003 52.6124 4.68781
1004 53.8645 4.60722
1005 53.6566 4.61632
1006 54.2204 4.57258
1007 54.2658 4.56947
1008 53.1311 4.5886
1009 53.929 4.59767
1010 51.7389 4.54591
1011 53.1245 4.55224
1012 52.9946 4.53998
1013 53.7929 4.52334
1014 53.8475 4.52309
1015 51.6211 4.41776
1016 53.3222 4.53844
1017 41.7354 4.46634
1018 45.9 4.63921
1019 46.2551 4.67489
1020 52.3902 4.5101
1021 52.3902 4.5101
1022 39.7967 4.2208
1023 47.385 4.72564
1024 30.6155 3.62687
1025 23.9893 2.93882
1026 25.5233 3.08236
1027 23.2936 2.82342
1028 23.0722 2.79974
1029 26.1198 3.1797
1030 24.1949 2.94031
1031 23.3915 3.06619
1032 19.926 2.66848
1033 20.74 2.74765
1034 19.5941 2.59137
1035 19.4788 2.57752
1036 20.9848 2.80353
1037 20.0483 2.66455
1038 19.3624 2.76762
1039 17.7107 2.50906
1040 18.1226 2.55823
1041 17.618 2.45264
1042 17.5641 2.44354
1043 18.0704 2.59527
1044 17.7991 2.50361
1045 16.8904 2.57781
1046 16.2075 2.39516
1047 16.3964 2.4299
1048 16.22 2.35532
1049 16.1985 2.34889
1050 16.1746 2.4517
1051 16.2675 2.39132
1052 61.3468 46.5557
1053 59.0042 23.4435
1054 59.6375 28.5452
1055 59.0075 20.3347
1056 58.9332 19.5517
1057 59.7751 31.9191
1058 59.1916 23.8468
1059 57.8931 25.7759
1060 57.3056 14.1462
1061 57.5042 16.7082
1062 57.4153 12.568
1063 57.3984 12.1738
1064 57.4001 18.3985
1065 57.4027 14.3427
1066 56.4338 15.3183
1067 56.3681 9.4584
1068 56.4286 10.7402
1069 56.4853 8.63811
1070 56.4851 8.43906
1071 56.2705 11.588
1072 56.4273 9.54587
1073 55.6722 10.0989
1074 55.7333 7.1375
1075 55.7611 7.76658
1076 55.8546 6.67177
1077 55.8584 6.57037
1078 55.5866 8.19244
1079 55.7843 7.15815
1080 55.089 7.57374
1081 55.1583 6.03193
1082 55.1933 6.33306
1083 55.3053 5.71716
1084 55.3098 5.66322
1085 55.0026 6.54681
1086 55.2205 6.0094
1087 54.3383 6.56552
1088 54.6745 5.49149
1089 54.6646 5.69525
1090 54.8959 5.25576
1091 54.9101 5.21792
1092 54.3075 5.84401
1093 54.7497 5.46822
1094 53.4124 5.83746
1095 54.1276 5.11648
1096 54.0581 5.25659
1097 54.4657 4.96736
1098 54.4938 4.9421
1099 53.3744 5.31192
1100 54.2265 5.10506
1101 51.8654 5.11847
1102 36.1487 4.12838
1103 38.8941 4.38632
1104 33.4309 3.80263
1105 32.948 3.75313
1106 51.4926 4.64489
1107 35.997 4.08928
1108 51.7886 4.89034
1109 53.3431 4.74274
1110 53.1253 4.7509
1111 53.8954 4.65599
1112 53.9536 4.64993
1113 52.2902 4.72633
1114 53.474 4.71452
1115 45.2189 5.02522
1116 52.1555 4.78158
1117 51.9204 4.80525
1118 53.1049 4.66632
1119 53.1884 4.65675
1120 45.6514 4.85393
1121 52.4214 4.74786
1122 39.6041 4.60913
1123 44.0078 4.63338
1124 43.5091 4.64096
1125 45.8967 4.67208
1126 46.0665 4.67346
1127 38.0758 4.28979
1128 44.5278 4.64927
1129 29.9505 3.80235
1130 23.5949 3.03596
1131 25.0805 3.18819
1132 22.9665 2.88647
1133 22.7547 2.85977
1134 25.6457 3.3015
1135 23.81 3.02797
1136 22.8677 3.24852
1137 19.6099 2.76478
1138 20.402 2.85556
1139 19.3716 2.6559
1140 19.2644 2.63882
1141 20.6133 2.92697
1142 19.7588 2.75305
1143 18.7594 2.92552
1144 17.4374 2.59596
1145 17.7883 2.65386
1146 17.4215 2.51096
1147 17.3792 2.49915
1148 17.6957 2.69976
1149 17.535 2.58299
1150 16.5 2.70494
1151 16.0662 2.45953
1152 16.1972 2.50361
1153 16.1043 2.39888
1154 16.0912 2.39013
1155 15.9861 2.51833
1156 16.1182 2.45109
1157 59.1784 46.5664
1158 58.073 23.4568
1159 58.4389 28.5567
1160 58.2582 20.345
1161 58.226 19.5619
1162 58.3815 31.9331
1163 58.246 23.8585
1164 56.7869 25.8195
1165 56.7993 14.2307
1166 56.8719 16.7672
1167 57.0073 12.6129
1168 57.011 12.2193
1169 56.6734 18.4562
1170 56.8941 14.4058
1171 55.8176 15.4653
1172 56.0346 9.62361
1173 56.0492 10.8732
1174 56.235 8.72862
1175 56.245 8.52896
1176 55.8415 11.7293
1177 56.1096 9.67525
1178 55.2439 10.4567
1179 55.4013 7.46173
1180 55.4458 8.04801
1181 55.6395 6.85396
1182 55.6483 6.74923
1183 55.2447 8.49738
1184 55.4985 7.41966
1185 54.3409 8.59814
1186 54.7276 6.4818
1187 54.7335 6.88218
1188 55.0296 6.01425
1189 55.0467 5.93964
1190 54.469 7.21515
1191 54.8359 6.43454
1192 53.3775 7.31089
1193 54.2159 5.83
1194 54.1228 6.11121
1195 54.5807 5.5057
1196 54.6131 5.45354
1197 53.6686 6.32612
1198 54.3173 5.79825
1199 52.5527 6.29064
1200 53.5895 5.33897
1201 53.5022 5.52055
1202 54.1168 5.13292
1203 54.1581 5.09944
1204 52.6692 5.5827
1205 53.7499 5.31965
1206 43.702 5.53823
1207 32.8234 4.17379
1208 35.1195 4.41192
1209 31.0719 3.81756
1210 30.6988 3.76859
1211 42.1751 5.04113
1212 32.8806 4.1181
1213 43.4887 5.67088
1214 52.4719 5.03678
1215 52.102 5.14416
1216 53.2859 4.86221
1217 53.3773 4.83931
1218 51.236 5.031
1219 52.6504 5.00675
1220 42.8129 5.41757
1221 46.6042 5.18464
1222 46.4724 5.24474
1223 52.3326 4.85267
1224 52.1205 4.88831
1225 43.0071 5.07045
1226 51.0603 5.06653
1227 38.4971 4.94351
1228 42.9653 4.79118
1229 42.4671 4.81971
1230 44.9032 4.75673
1231 45.0758 4.75135
1232 37.1376 4.51235
1233 43.5027 4.78741
1234 29.0052 4.15207
1235 22.9934 3.22048
1236 24.4547 3.39515
1237 22.5525 3.01036
1238 22.3546 2.97745
1239 24.9554 3.54036
1240 23.2676 3.1977
1241 21.6174 3.55601
1242 19.0382 2.939
1243 19.7096 3.04478
1244 18.971 2.7727
1245 18.888 2.75048
1246 19.805 3.14018
1247 19.2119 2.91142
1248 17.8008 3.21744
1249 17.0701 2.76192
1250 17.29 2.83334
1251 17.1323 2.62084
1252 17.1101 2.60414
1253 17.1236 2.89477
1254 17.1567 2.73314
1255 16.1715 2.96334
1256 15.9346 2.58454
1257 16.0175 2.65011
1258 15.9866 2.48416
1259 15.9799 2.47054
1260 15.8203 2.65175
1261 15.9774 2.56839
1262 56.9911 46.591
1263 57.1151 23.4837
1264 57.2132 28.5797
1265 57.4753 20.3629
1266 57.485 19.5798
1267 56.9644 31.9647
1268 57.2711 23.8811
1269 55.6368 25.9653
1270 56.2104 14.5486
1271 56.1822 16.9808
1272 56.557 12.7722
1273 56.5807 12.3816
1274 55.8883 18.6597
1275 56.3244 14.637
1276 55.153 15.9712
1277 55.4639 10.1512
1278 55.5293 11.3074
1279 55.8728 9.01639
1280 55.8892 8.81362
1281 55.2869 12.193
1282 55.6275 10.0907
1283 53.8822 12.5249
1284 54.622 8.28573
1285 54.6152 9.10854
1286 55.1501 7.40621
1287 55.182 7.25767
1288 54.2817 9.80293
1289 54.8064 8.21731
1290 52.4409 10.0995
1291 53.9104 7.12988
1292 53.7151 7.69964
1293 54.4617 6.49557
1294 54.5171 6.39123
1295 53.2429 8.1801
1296 54.0475 7.07358
1297 52.035 8.28112
1298 53.4875 6.27933
1299 53.3106 6.66014
1300 54.0767 5.84284
1301 54.1321 5.77236
1302 52.6917 6.95036
1303 53.6434 6.23728
1304 47.5134 7.28852
1305 52.6236 5.65375
1306 52.2053 5.99744
1307 53.4171 5.38685
1308 53.513 5.33071
1309 51.3118 5.59599
1310 52.7806 5.66064
1311 40.5091 6.5244
1312 30.6822 4.59902
1313 32.7481 4.9234
1314 29.0777 4.06442
1315 28.7403 3.99481
1316 38.2267 5.5981
1317 30.7235 4.50574
1318 41.4016 6.32201
1319 46.5239 5.78496
1320 45.9752 5.86165
1321 52.4367 5.1549
1322 52.2152 5.21915
1323 43.5795 5.84151
1324 51.1076 5.5404
1325 41.2466 6.08414
1326 45.3077 5.46937
1327 44.7185 5.55499
1328 46.6953 5.2495
1329 46.8463 5.22649
1330 41.6838 5.49901
1331 45.6241 5.41695
1332 37.073 5.62275
1333 40.9475 5.08585
1334 40.9257 5.18655
1335 43.7515 4.96485
1336 43.919 4.94589
1337 35.6752 4.95356
1338 41.9307 5.07276
1339 26.4956 4.72515
1340 21.839 3.55212
1341 23.0663 3.75191
1342 21.7591 3.23235
1343 21.61 3.19003
1344 23.3173 3.94443
1345 22.1718 3.49802
1346 19.554 4.11776
1347 18.2544 3.27405
1348 18.6438 3.39888
1349 18.3606 2.99235
1350 18.321 2.96109
1351 18.5364 3.53642
1352 18.4064 3.21134
1353 17.021 3.81779
1354 16.7404 3.08789
1355 16.8535 3.19332
1356 16.8428 2.8372
1357 16.8355 2.81005
1358 16.6443 3.28967
1359 16.8098 3.03042
1360 15.9213 3.47279
1361 15.8153 2.81411
1362 15.868 2.93018
1363 15.8814 2.64521
1364 15.8791 2.62162
1365 15.6868 2.90947
1366 15.8541 2.78864
1367 54.7796 46.664
1368 56.1332 23.5408
1369 55.9649 28.6341
1370 56.6727 20.4009
1371 56.7242 19.617
1372 55.5166 32.0567
1373 56.2741 23.9306
1374 54.6747 26.4773
1375 55.2633 15.8166
1376 55.3571 17.8084
1377 55.9553 13.3928
1378 55.9849 13.0159
1379 55.0303 19.4217
1380 55.5351 15.547
1381 52.6472 20.3387
1382 54.0487 11.4653
1383 54.0146 13.3143
1384 54.991 9.9714
1385 55.0504 9.66599
1386 53.5261 14.7763
1387 54.3712 11.4819
1388 47.0244 15.6505
1389 53.1655 9.21956
1390 52.653 10.5877
1391 54.1015 8.2138
1392 54.2169 7.99367
1393 51.8688 11.6565
1394 53.3451 9.26698
1395 47.5646 12.0872
1396 52.8245 7.88326
1397 52.3611 8.73442
1398 53.6429 7.1074
1399 53.7455 6.96162
1400 51.6198 9.41721
1401 52.977 7.85976
1402 47.8854 9.32686
1403 52.2106 6.91366
1404 51.9883 7.33695
1405 53.2357 6.28943
1406 53.3221 6.20292
1407 48.4663 7.92118
1408 52.507 6.81784
1409 44.1422 8.91674
1410 47.1688 7.09757
1411 47.3729 7.27881
1412 52.5685 5.80233
1413 52.5685 5.80233
1414 43.9401 7.5129
1415 48.1806 6.85184
1416 38.3026 7.93358
1417 29.3094 5.41167
1418 31.1794 5.79579
1419 27.7843 4.5998
1420 27.4746 4.50685
1421 36.3379 6.55575
1422 29.3211 5.2381
1423 39.4412 7.69461
1424 44.9896 6.40702
1425 44.0194 6.56802
1426 46.433 5.89632
1427 46.632 5.84733
1428 41.8925 6.72859
1429 45.2137 6.27412
1430 39.5627 7.42087
1431 43.9529 6.15852
1432 43.4095 6.32922
1433 45.7093 5.69306
1434 45.8766 5.64559
1435 40.1962 6.40072
1436 44.413 6.04445
1437 33.3241 6.74388
1438 33.6386 5.41951
1439 35.934 5.71899
1440 40.1584 5.26094
1441 40.2719 5.21638
1442 31.1528 5.62952
1443 36.6148 5.45163
1444 22.1497 5.74638
1445 20.2135 4.20493
1446 20.8415 4.41934
1447 20.5027 3.6529
1448 20.4458 3.5952
1449 20.639 4.68969
1450 20.5003 4.07316
1451 17.9276 5.28904
1452 17.5754 3.95386
1453 17.738 4.12452
1454 17.7605 3.43445
1455 17.7523 3.38382
1456 17.508 4.35356
1457 17.6886 3.82073
1458 16.4507 5.0192
1459 16.4593 3.69868
1460 16.5073 3.89187
1461 16.5971 3.2518
1462 16.5996 3.20279
1463 16.2771 4.06356
1464 16.5221 3.59778
1465 15.5877 4.31832
1466 15.6771 3.20208
1467 15.6857 3.40095
1468 15.7668 2.92175
1469 15.7711 2.88187
1470 15.5172 3.34001
1471 15.7113 3.16163
1472 53.4762 46.8777
1473 54.9194 23.5676
1474 54.8733 28.726
1475 55.8597 20.4678
1476 55.9205 19.6786
1477 54.3568 32.3075
1478 55.2377 23.9907
1479 44.8051 35.7028
1480 52.793 20.0838
1481 52.638 22.824
1482 54.4328 16.0451
1483 54.5475 15.4852
1484 51.8134 25.3751
1485 53.3261 19.4643
1486 44.6779 21.485
1487 47.4836 13.6692
1488 47.3872 15.0833
1489 53.346 10.3065
1490 53.0418 10.7408
1491 46.3953 16.9349
1492 51.5209 12.912
1493 45.6234 15.7925
1494 48.0232 10.9733
1495 48.0875 11.4009
1496 52.9865 8.40911
1497 52.9865 8.40911
1498 47.0704 12.951
1499 48.7036 10.2617
1500 46.1122 13.2045
1501 48.0072 9.88083
1502 48.215 10.0626
1503 52.7126 7.55121
1504 52.7126 7.55121
1505 47.3349 10.8041
1506 48.7407 9.24323
1507 44.0278 12.7455
1508 46.4137 9.90392
1509 46.1955 10.3756
1510 47.5744 9.10097
1511 47.6885 8.97623
1512 44.8612 10.5221
1513 46.7659 9.75191
1514 41.1471 11.6044
1515 44.8915 8.63192
1516 44.5362 8.98548
1517 46.686 7.40331
1518 46.8333 7.28945
1519 41.4471 9.38997
1520 45.4203 8.30228
1521 35.7078 10.6339
1522 27.8706 7.04679
1523 29.5464 7.50867
1524 26.6682 5.66062
1525 26.4003 5.52474
1526 34.3399 8.45842
1527 27.9391 6.6934
1528 37.1073 10.2462
1529 43.4122 7.84924
1530 42.3831 8.11797
1531 45.2536 6.81364
1532 45.483 6.72111
1533 40.0274 8.50545
1534 43.7594 7.56277
1535 36.2331 9.69251
1536 40.8582 7.42335
1537 40.7335 7.71365
1538 43.9351 6.54132
1539 44.1307 6.45528
1540 36.8052 7.95325
1541 41.9075 7.19743
1542 25.8085 8.59308
1543 23.7581 6.39656
1544 25.0154 6.61543
1545 25.6866 5.37256
1546 25.6521 5.28658
1547 23.9054 6.91201
1548 24.8085 6.09953
1549 18.8531 7.88517
1550 18.7733 5.61823
1551 18.9797 5.83871
1552 19.2797 4.54659
1553 19.2852 4.45761
1554 18.518 6.26415
1555 19.0128 5.30485
1556 16.8116 7.67177
1557 16.9462 5.29707
1558 17.0337 5.58311
1559 17.2854 4.32536
1560 17.2951 4.23455
1561 16.7362 5.99601
1562 17.0917 5.03824
1563 15.6797 6.99595
1564 16.0395 4.75099
1565 16.055 5.07647
1566 16.3479 3.98321
1567 16.3642 3.89976
1568 15.7689 5.35509
1569 16.1529 4.57574
1570 15.0366 5.59643
1571 15.3978 3.84768
1572 15.3873 4.15087
1573 15.6361 3.3856
1574 15.6513 3.32275
1575 15.2238 4.01147
1576 15.4788 3.77376
1577 40.7968 51.8352
1578 45.2532 29.4107
1579 45.7639 32.6551
1580 54.0941 19.9012
1581 54.0941 19.9012
1582 43.6184 38.9829
1583 47.0057 27.6715
1584 39.795 33.6177
1585 43.8902 23.3124
1586 43.5092 25.3549
1587 45.8649 21.3089
1588 46.0604 20.874
1589 42.7877 26.1384
1590 44.4866 23.1804
1591 41.4455 23.7649
1592 44.778 16.718
1593 44.5984 17.3554
1594 46.7493 13.2555
1595 46.8864 12.9768
1596 43.949 18.7584
1597 45.421 15.6834
1598 42.5484 19.8996
1599 45.0712 14.684
1600 45.1249 14.9048
1601 47.0828 11.4338
1602 47.1948 11.2166
1603 44.5773 15.9294
1604 45.797 13.6018
1605 41.563 18.7789
1606 44.5401 13.8785
1607 44.5658 14.0512
1608 46.8109 10.7295
1609 46.9415 10.5239
1610 43.3769 15.1343
1611 45.3491 12.8179
1612 39.9494 17.5792
1613 43.4047 13.2175
1614 43.3582 13.363
1615 45.8312 10.392
1616 45.9794 10.2087
1617 41.5004 14.1337
1618 44.2474 12.263
1619 37.0617 16.391
1620 41.6801 12.3251
1621 41.4862 12.4319
1622 44.5625 9.61254
1623 44.7549 9.44041
1624 38.1499 13.1167
1625 42.6404 11.3992
1626 31.9337 15.174
1627 25.8483 10.6181
1628 27.2543 10.8315
1629 25.2017 7.83523
1630 24.9983 7.64643
1631 31.6298 12.0128
1632 26.0336 9.6987
1633 33.6206 14.4029
1634 40.1931 10.8511
1635 39.5757 11.0189
1636 43.36 8.68544
1637 43.6189 8.53831
1638 36.6823 11.6488
1639 41.1293 10.1361
1640 29.0811 13.1436
1641 31.783 9.9072
1642 33.7422 10.1269
1643 39.1465 8.11683
1644 39.3492 7.98566
1645 28.8909 10.548
1646 34.9581 9.33992
1647 19.5792 12.0934
1648 19.3504 9.84324
1649 19.8731 9.52223
1650 20.613 7.30081
1651 20.6258 7.18902
1652 19.2609 9.94059
1653 19.9497 8.8515
1654 16.8443 12.1777
1655 17.3243 8.89914
1656 17.4979 8.91842
1657 18.1546 6.5287
1658 18.183 6.38699
1659 16.9934 9.58286
1660 17.6684 8.06818
1661 15.3492 11.4266
1662 15.8837 7.98735
1663 15.9924 8.19763
1664 16.5765 6.02131
1665 16.6045 5.88092
1666 15.6375 8.80329
1667 16.1602 7.3553
1668 14.457 9.84972
1669 15.1403 6.69322
1670 15.1887 7.01624
1671 15.7779 5.24494
1672 15.8097 5.12174
1673 14.878 7.37979
1674 15.3796 6.27706
1675 14.2211 7.22563
1676 14.6515 5.11057
1677 14.7329 5.3436
1678 15.1926 4.18556
1679 15.2149 4.10374
1680 14.759 5.02581
1681 14.8665 4.85264
1682 31.8615 53.4473
1683 36.7592 37.9243
1684 37.5125 38.5085
1685 42.4427 28.0508
1686 42.6884 27.4013
1687 36.1386 41.6631
1688 38.9867 34.6114
1689 35.3038 35.9323
1690 36.5087 33.2598
1691 38.2602 30.34
1692 42.1969 23.2868
1693 42.3255 23.0436
1694 37.7527 30.9857
1695 39.0315 28.8811
1696 37.7472 29.2015
1697 37.246 29.6726
1698 39.4397 25.8575
1699 42.8843 19.5707
1700 42.9579 19.4253
1701 39.1806 26.2579
1702 39.8812 24.9851
1703 37.2555 27.4611
1704 36.9478 27.2675
1705 39.1743 23.9101
1706 42.8192 17.9281
1707 42.9026 17.7737
1708 38.5888 24.5025
1709 39.6749 22.9838
1710 36.2694 25.7466
1711 36.1964 25.8199
1712 38.452 22.5856
1713 42.3209 17.015
1714 42.4158 16.8776
1715 37.4717 23.0486
1716 39.0214 21.761
1717 34.4797 24.1469
1718 34.9134 24.3391
1719 37.1644 21.295
1720 41.3998 16.1431
1721 41.5165 16.0191
1722 35.4849 21.6256
1723 37.8648 20.5511
1724 31.5206 22.5889
1725 33.015 22.8091
1726 35.1634 19.9697
1727 40.0042 15.1945
1728 40.1626 15.0806
1729 32.1564 20.1907
1730 36.1136 19.2865
1731 27.7097 20.9688
1732 22.3756 20.6851
1733 24.0393 18.0344
1734 22.99 13.2149
1735 22.8304 13.0874
1736 27.902 18.6856
1737 23.0817 17.269
1738 27.8297 19.3432
1739 30.4923 18.8342
1740 32.6564 16.8486
1741 38.3879 13.0192
1742 38.5978 12.9107
1743 29.1344 17.107
1744 33.9155 16.1978
1745 20.1403 17.5835
1746 19.5866 16.9294
1747 21.0469 15.1853
1748 23.1773 11.6687
1749 23.2167 11.5644
1750 19.7687 15.5354
1751 21.2834 14.5597
1752 16.6324 17.845
1753 15.3811 20.5882
1754 16.517 17.1016
1755 17.5676 13.0654
1756 17.5625 13.0331
1757 16.2859 16.8703
1758 16.4869 16.9076
1759 14.6981 17.477
1760 14.1672 18.0732
1761 15.1174 15.4934
1762 16.3774 11.4475
1763 16.3956 11.3613
1764 14.7382 15.6589
1765 15.2267 14.976
1766 13.4918 15.7209
1767 13.1211 15.0351
1768 13.9427 13.3375
1769 15.0975 9.87833
1770 15.1171 9.7747
1771 13.69 13.5352
1772 14.0603 12.7158
1773 12.9505 12.5572
1774 12.6056 11.5978
1775 13.3775 10.5252
1776 14.465 7.95055
1777 14.4835 7.8622
1778 13.2591 10.4602
1779 13.4889 9.99508
1780 12.9448 8.73671
1781 11.9921 8.8106
1782 12.9448 7.81979
1783 13.8975 6.15126
1784 13.8975 6.11139
1785 13.3908 6.82422
1786 12.9448 7.58059
1787 27.2385 51.9519
1788 32.9242 39.9737
1789 32.3073 43.2833
1790 31.8222 42.6193
1791 24.6808 54.35
1792 32.751 38.1841
1793 30.901 42.209
1794 33.6485 37.2601
1795 33.9189 36.7322
1796 31.3135 41.9313
1797 32.5236 39.0418
1798 24.8688 52.2873
1799 32.4143 36.0138
1800 30.7193 40.1521
1801 33.3486 35.3209
1802 33.603 34.7932
1803 31.5097 39.3246
1804 32.2456 36.9864
1805 24.489 47.6349
1806 31.5195 33.5153
1807 30.0229 37.1328
1808 32.6167 32.988
1809 32.8573 32.5314
1810 30.9854 36.1392
1811 31.4666 34.3932
1812 23.7275 45.2562
1813 29.9727 31.5106
1814 28.7482 35.0092
1815 31.2346 30.9341
1816 31.4529 30.4886
1817 29.9655 34.1956
1818 30.0579 32.3361
1819 22.545 42.5886
1820 27.7963 29.5249
1821 26.8484 32.8644
1822 29.0813 29.0165
1823 29.2684 28.5937
1824 28.4182 32.1508
1825 27.971 30.3277
1826 21.0225 39.8848
1827 25.4089 27.4769
1828 24.5929 30.6731
1829 26.4158 27.0608
1830 26.571 26.6603
1831 26.4821 30.0569
1832 25.5243 28.2701
1833 15.8241 36.8971
1834 21.686 25.2393
1835 20.9587 28.296
1836 24.0267 24.9954
1837 24.2499 24.6214
1838 19.9619 27.6072
1839 22.2982 26.0523
1840 18.1082 31.3485
1841 19.338 23.0393
1842 19.2944 25.1526
1843 20.1276 22.6863
1844 20.1792 22.4169
1845 22.6462 24.4073
1846 19.6039 23.5363
1847 12.6783 27.6861
1848 15.5393 22.3023
1849 15.1921 23.5091
1850 16.7028 21.6285
1851 16.8121 21.4469
1852 15.9347 22.3059
1853 15.8478 22.4194
1854 10.277 39.2566
1855 13.255 23.8042
1856 12.7559 27.5553
1857 14.089 22.6575
1858 14.1968 22.1488
1859 12.971 27.883
1860 13.4025 24.5027
1861 9.41281 33.4102
1862 12.1279 21.0111
1863 11.5813 24.4028
1864 12.6376 21.1369
1865 12.7319 20.7452
1866 11.9027 24.1648
1867 12.147 22.0531
1868 8.79654 26.541
1869 11.5127 16.8129
1870 10.9216 19.6658
1871 11.9013 17.4371
1872 11.9937 17.1381
1873 11.1434 19.463
1874 11.476 17.8723
1875 8.45955 19.7447
1876 11.0512 12.5984
1877 10.5272 14.734
1878 11.5314 13.166
1879 11.6213 12.9482
1880 10.7054 14.647
1881 11.0666 13.4269
1882 7.58376 15.3627
1883 8.28178 11.2995
1884 9.05701 11.8158
1885 10.9212 9.71042
1886 10.9852 9.55621
1887 9.28589 11.8243
1888 9.44134 10.8905
